x   y   c
0.0001000000 0.0000100000 -2.1201920294
0.0001000000 0.0000177828 -2.1289434870
0.0001000000 0.0000316228 -2.1439036239
0.0001000000 0.0000562341 -2.1685474644
0.0001000000 0.0001000000 -2.2042620995
0.0001000000 0.0001778279 -2.2434376682
0.0001000000 0.0003162278 -2.2857081289
0.0001000000 0.0005623413 -2.3016383933
0.0001000000 0.0010000000 -2.2617182519
0.0001000000 0.0017782794 -2.1725854222
0.0001000000 0.0031622777 -2.0961970133
0.0001000000 0.0056234133 -1.8222677638
0.0001000000 0.0100000000 -1.3288146530
0.0001000000 0.0177827941 -0.0657280493
0.0001000000 0.0316227766 -0.0204587225
0.0001000000 0.0562341325 0.0124991696
0.0001000000 0.1000000000 0.0288079559
0.0001000000 0.1778279410 -0.1887149496
0.0001000000 0.3162277660 -0.1457110990
0.0001000000 0.5623413252 -0.1249513877
0.0001000000 1.0000000000 -0.1128100753
0.0001000000 1.7782794100 -0.1043733449
0.0001000000 3.1622776602 -0.1007851021
0.0001000000 5.6234132519 -0.0990581218
0.0001000000 10.0000000000 -0.0982128995
0.0001000000 17.7827941004 -0.0972489230
0.0001000000 31.6227766017 -0.0953085475
0.0001000000 56.2341325190 -0.0918722331
0.0001000000 100.0000000000 -0.0814121728
0.0001000000 177.8279410039 -0.0502264682
0.0001000000 316.2277660168 0.0000000000
0.0001000000 562.3413251903 0.0000000000
0.0001000000 1000.0000000000 0.0000000000
0.0001778279 0.0000100000 -2.4622134946
0.0001778279 0.0000177828 -2.4698322917
0.0001778279 0.0000316228 -2.4826793909
0.0001778279 0.0000562341 -2.5046936928
0.0001778279 0.0001000000 -2.5427159465
0.0001778279 0.0001778279 -2.5454384319
0.0001778279 0.0003162278 -2.5224731094
0.0001778279 0.0005623413 -2.4937889626
0.0001778279 0.0010000000 -2.3645254407
0.0001778279 0.0017782794 -2.2733800830
0.0001778279 0.0031622777 -2.1914129953
0.0001778279 0.0056234133 -2.1325593345
0.0001778279 0.0100000000 -1.8357734258
0.0001778279 0.0177827941 -1.3064450192
0.0001778279 0.0316227766 -0.0752732602
0.0001778279 0.0562341325 -0.0664948177
0.0001778279 0.1000000000 -0.3534370312
0.0001778279 0.1778279410 -0.2472628492
0.0001778279 0.3162277660 -0.1814138254
0.0001778279 0.5623413252 -0.1454633365
0.0001778279 1.0000000000 -0.0241603769
0.0001778279 1.7782794100 -0.1105149476
0.0001778279 3.1622776602 -0.1042377536
0.0001778279 5.6234132519 -0.1010430427
0.0001778279 10.0000000000 -0.0993703292
0.0001778279 17.7827941004 -0.0979027546
0.0001778279 31.6227766017 -0.0956384630
0.0001778279 56.2341325190 -0.0920191545
0.0001778279 100.0000000000 -0.0814534706
0.0001778279 177.8279410039 -0.0502235404
0.0001778279 316.2277660168 0.0000000000
0.0001778279 562.3413251903 0.0000000000
0.0001778279 1000.0000000000 0.0000000000
0.0003162278 0.0000100000 -2.6750459135
0.0003162278 0.0000177828 -2.6435091810
0.0003162278 0.0000316228 -2.6417612125
0.0003162278 0.0000562341 -2.6457583569
0.0003162278 0.0001000000 -2.6528867107
0.0003162278 0.0001778279 -2.6218461042
0.0003162278 0.0003162278 -2.6357830231
0.0003162278 0.0005623413 -2.6655576094
0.0003162278 0.0010000000 -2.5844906812
0.0003162278 0.0017782794 -2.4453981488
0.0003162278 0.0031622777 -2.2954722064
0.0003162278 0.0056234133 -2.2298720863
0.0003162278 0.0100000000 -2.1749258979
0.0003162278 0.0177827941 -1.8206234065
0.0003162278 0.0316227766 -1.2415972061
0.0003162278 0.0562341325 -0.0873604708
0.0003162278 0.1000000000 -0.5077977979
0.0003162278 0.1778279410 -0.3393647556
0.0003162278 0.3162277660 -0.2360270597
0.0003162278 0.5623413252 -0.1765457096
0.0003162278 1.0000000000 -0.1420100570
0.0003162278 1.7782794100 -0.1211797936
0.0003162278 3.1622776602 -0.1102849816
0.0003162278 5.6234132519 -0.1045375053
0.0003162278 10.0000000000 -0.1014141984
0.0003162278 17.7827941004 -0.0990596220
0.0003162278 31.6227766017 -0.0962230212
0.0003162278 56.2341325190 -0.0922796919
0.0003162278 100.0000000000 -0.0815267299
0.0003162278 177.8279410039 -0.0502183262
0.0003162278 316.2277660168 0.0000000000
0.0003162278 562.3413251903 0.0000000000
0.0003162278 1000.0000000000 0.0000000000
0.0005623413 0.0000100000 -2.6992255442
0.0005623413 0.0000177828 -2.7024767495
0.0005623413 0.0000316228 -2.7082072202
0.0005623413 0.0000562341 -2.7168502854
0.0005623413 0.0001000000 -2.7295701895
0.0005623413 0.0001778279 -2.7452534821
0.0005623413 0.0003162278 -2.7510047775
0.0005623413 0.0005623413 -2.7301666417
0.0005623413 0.0010000000 -2.7257594030
0.0005623413 0.0017782794 -2.6743850486
0.0005623413 0.0031622777 -2.4639446110
0.0005623413 0.0056234133 -2.3270963605
0.0005623413 0.0100000000 -2.2954052086
0.0005623413 0.0177827941 -2.2145036144
0.0005623413 0.0316227766 -1.7461859067
0.0005623413 0.0562341325 -1.1489905883
0.0005623413 0.1000000000 -0.7397267980
0.0005623413 0.1778279410 -0.0721415732
0.0005623413 0.3162277660 -0.3189568553
0.0005623413 0.5623413252 -0.2279968557
0.0005623413 1.0000000000 -0.1727374966
0.0005623413 1.7782794100 -0.1379388286
0.0005623413 3.1622776602 -0.1207694671
0.0005623413 5.6234132519 -0.1106455176
0.0005623413 10.0000000000 -0.1050048158
0.0005623413 17.7827941004 -0.1010988142
0.0005623413 31.6227766017 -0.0972558982
0.0005623413 56.2341325190 -0.0927407108
0.0005623413 100.0000000000 -0.0816564396
0.0005623413 177.8279410039 -0.0502090304
0.0005623413 316.2277660168 0.0000000000
0.0005623413 562.3413251903 0.0000000000
0.0005623413 1000.0000000000 0.0000000000
0.0010000000 0.0000100000 -2.7405835431
0.0010000000 0.0000177828 -2.7429177185
0.0010000000 0.0000316228 -2.7459825555
0.0010000000 0.0000562341 -2.7514196521
0.0010000000 0.0001000000 -2.7507466953
0.0010000000 0.0001778279 -2.7644811068
0.0010000000 0.0003162278 -2.7834089951
0.0010000000 0.0005623413 -2.8010409669
0.0010000000 0.0010000000 -2.7844614415
0.0010000000 0.0017782794 -2.7700493205
0.0010000000 0.0031622777 -2.7095616272
0.0010000000 0.0056234133 -2.4694790073
0.0010000000 0.0100000000 -2.3748684232
0.0010000000 0.0177827941 -2.3632789396
0.0010000000 0.0316227766 -2.2358809589
0.0010000000 0.0562341325 -1.6566356363
0.0010000000 0.1000000000 -1.0772229906
0.0010000000 0.1778279410 -0.6739116642
0.0010000000 0.3162277660 -0.4426887924
0.0010000000 0.5623413252 -0.2995234409
0.0010000000 1.0000000000 -0.2169128007
0.0010000000 1.7782794100 -0.1627635413
0.0010000000 3.1622776602 -0.1366904961
0.0010000000 5.6234132519 -0.1211996670
0.0010000000 10.0000000000 -0.1112585914
0.0010000000 17.7827941004 -0.1046701132
0.0010000000 31.6227766017 -0.0990721373
0.0010000000 56.2341325190 -0.0935533944
0.0010000000 100.0000000000 -0.0818853262
0.0010000000 177.8279410039 -0.0501924274
0.0010000000 316.2277660168 0.0000000000
0.0010000000 562.3413251903 0.0000000000
0.0010000000 1000.0000000000 0.0000000000
0.0017782794 0.0000100000 -2.7611247948
0.0017782794 0.0000177828 -2.7623188341
0.0017782794 0.0000316228 -2.7647570512
0.0017782794 0.0000562341 -2.7683598195
0.0017782794 0.0001000000 -2.7743842404
0.0017782794 0.0001778279 -2.7838611264
0.0017782794 0.0003162278 -2.7980168333
0.0017782794 0.0005623413 -2.8195172067
0.0017782794 0.0010000000 -2.8431781648
0.0017782794 0.0017782794 -2.8273083766
0.0017782794 0.0031622777 -2.8061480369
0.0017782794 0.0056234133 -2.7156736718
0.0017782794 0.0100000000 -2.4729210185
0.0017782794 0.0177827941 -2.4335827668
0.0017782794 0.0316227766 -2.4110942273
0.0017782794 0.0562341325 -2.1694223433
0.0017782794 0.1000000000 -1.4970374781
0.0017782794 0.1778279410 -0.9718577301
0.0017782794 0.3162277660 -0.6359592893
0.0017782794 0.5623413252 -0.1297686165
0.0017782794 1.0000000000 -0.2833171864
0.0017782794 1.7782794100 -0.2091807024
0.0017782794 3.1622776602 -0.1655504409
0.0017782794 5.6234132519 -0.1391279349
0.0017782794 10.0000000000 -0.1220023895
0.0017782794 17.7827941004 -0.1108578895
0.0017782794 31.6227766017 -0.1022395577
0.0017782794 56.2341325190 -0.0949765611
0.0017782794 100.0000000000 -0.0822868298
0.0017782794 177.8279410039 -0.0501626836
0.0017782794 316.2277660168 0.0000000000
0.0017782794 562.3413251903 0.0000000000
0.0017782794 1000.0000000000 0.0000000000
0.0031622777 0.0000100000 -2.7822641536
0.0031622777 0.0000177828 -2.7832573760
0.0031622777 0.0000316228 -2.7844976172
0.0031622777 0.0000562341 -2.7870496757
0.0031622777 0.0001000000 -2.7913023544
0.0031622777 0.0001778279 -2.7986606682
0.0031622777 0.0003162278 -2.8095922899
0.0031622777 0.0005623413 -2.8283088299
0.0031622777 0.0010000000 -2.8550078646
0.0031622777 0.0017782794 -2.8828388692
0.0031622777 0.0031622777 -2.8579848739
0.0031622777 0.0056234133 -2.8335555664
0.0031622777 0.0100000000 -2.7056211201
0.0031622777 0.0177827941 -2.5046088654
0.0031622777 0.0316227766 -2.4947467635
0.0031622777 0.0562341325 -2.4424141147
0.0031622777 0.1000000000 -2.0707664324
0.0031622777 0.1778279410 -1.3972195518
0.0031622777 0.3162277660 -0.9582433949
0.0031622777 0.5623413252 -0.6658020761
0.0031622777 1.0000000000 -0.4422137335
0.0031622777 1.7782794100 -0.2917576007
0.0031622777 3.1622776602 -0.2129616316
0.0031622777 5.6234132519 -0.1650514643
0.0031622777 10.0000000000 -0.1373410523
0.0031622777 17.7827941004 -0.1041681494
0.0031622777 31.6227766017 -0.1076876960
0.0031622777 56.2341325190 -0.0974407015
0.0031622777 100.0000000000 -0.0829838300
0.0031622777 177.8279410039 -0.0501091540
0.0031622777 316.2277660168 0.0000000000
0.0031622777 562.3413251903 0.0000000000
0.0031622777 1000.0000000000 0.0000000000
0.0056234133 0.0000100000 -2.8045156196
0.0056234133 0.0000177828 -2.8051127567
0.0056234133 0.0000316228 -2.8061697269
0.0056234133 0.0000562341 -2.8080339266
0.0056234133 0.0001000000 -2.8107239308
0.0056234133 0.0001778279 -2.8151525884
0.0056234133 0.0003162278 -2.8234454436
0.0056234133 0.0005623413 -2.8370426015
0.0056234133 0.0010000000 -2.8571692839
0.0056234133 0.0017782794 -2.8898406855
0.0056234133 0.0031622777 -2.9157830112
0.0056234133 0.0056234133 -2.8850972542
0.0056234133 0.0100000000 -2.8555646105
0.0056234133 0.0177827941 -2.6777895204
0.0056234133 0.0316227766 -2.5611789961
0.0056234133 0.0562341325 -2.5401723896
0.0056234133 0.1000000000 -2.4512025607
0.0056234133 0.1778279410 -1.8682584782
0.0056234133 0.3162277660 -1.3589099705
0.0056234133 0.5623413252 -1.0082708207
0.0056234133 1.0000000000 -0.6982854381
0.0056234133 1.7782794100 -0.4615836075
0.0056234133 3.1622776602 -0.3058018351
0.0056234133 5.6234132519 -0.2110823670
0.0056234133 10.0000000000 -0.1654064167
0.0056234133 17.7827941004 -0.1361249981
0.0056234133 31.6227766017 -0.1168546525
0.0056234133 56.2341325190 -0.1016269377
0.0056234133 100.0000000000 -0.0841720879
0.0056234133 177.8279410039 -0.0500122209
0.0056234133 316.2277660168 0.0000000000
0.0056234133 562.3413251903 0.0000000000
0.0056234133 1000.0000000000 0.0000000000
0.0100000000 0.0000100000 -2.8286230611
0.0100000000 0.0000177828 -2.8289837421
0.0100000000 0.0000316228 -2.8296234194
0.0100000000 0.0000562341 -2.8307555425
0.0100000000 0.0001000000 -2.8327518068
0.0100000000 0.0001778279 -2.8355784687
0.0100000000 0.0003162278 -2.8409180083
0.0100000000 0.0005623413 -2.8504476132
0.0100000000 0.0010000000 -2.8656361463
0.0100000000 0.0017782794 -2.8890048687
0.0100000000 0.0031622777 -2.9241773205
0.0100000000 0.0056234133 -2.9504317114
0.0100000000 0.0100000000 -2.9123681582
0.0100000000 0.0177827941 -2.8749039070
0.0100000000 0.0316227766 -2.6501753461
0.0100000000 0.0562341325 -2.6224043560
0.0100000000 0.1000000000 -2.5733289964
0.0100000000 0.1778279410 -2.3894789275
0.0100000000 0.3162277660 -1.7934715159
0.0100000000 0.5623413252 -1.4052721847
0.0100000000 1.0000000000 -1.0412143970
0.0100000000 1.7782794100 -0.7131847475
0.0100000000 3.1622776602 -0.4639532821
0.0100000000 5.6234132519 -0.3037942530
0.0100000000 10.0000000000 -0.2100017034
0.0100000000 17.7827941004 -0.1626157291
0.0100000000 31.6227766017 -0.1317779834
0.0100000000 56.2341325190 -0.1085238986
0.0100000000 100.0000000000 -0.0861359572
0.0100000000 177.8279410039 -0.0498355331
0.0100000000 316.2277660168 0.0000000000
0.0100000000 562.3413251903 0.0000000000
0.0100000000 1000.0000000000 0.0000000000
0.0177827941 0.0000100000 -2.8552779953
0.0177827941 0.0000177828 -2.8554985840
0.0177827941 0.0000316228 -2.8558902396
0.0177827941 0.0000562341 -2.8565847790
0.0177827941 0.0001000000 -2.8578137694
0.0177827941 0.0001778279 -2.8599801103
0.0177827941 0.0003162278 -2.8637727268
0.0177827941 0.0005623413 -2.8695599906
0.0177827941 0.0010000000 -2.8798225755
0.0177827941 0.0017782794 -2.8971342717
0.0177827941 0.0031622777 -2.9234533094
0.0177827941 0.0056234133 -2.9618161159
0.0177827941 0.0100000000 -2.9872772813
0.0177827941 0.0177827941 -2.9500984926
0.0177827941 0.0316227766 -2.9048853641
0.0177827941 0.0562341325 -2.6838126365
0.0177827941 0.1000000000 -2.6684828036
0.0177827941 0.1778279410 -2.5847000160
0.0177827941 0.3162277660 -2.2875852203
0.0177827941 0.5623413252 -1.8270467250
0.0177827941 1.0000000000 -1.4584742831
0.0177827941 1.7782794100 -1.0636775753
0.0177827941 3.1622776602 -0.7279334384
0.0177827941 5.6234132519 -0.4586231469
0.0177827941 10.0000000000 -0.3005969519
0.0177827941 17.7827941004 -0.2033245392
0.0177827941 31.6227766017 -0.1549779276
0.0177827941 56.2341325190 -0.1193624295
0.0177827941 100.0000000000 -0.0892165218
0.0177827941 177.8279410039 -0.0495119992
0.0177827941 316.2277660168 0.0000000000
0.0177827941 562.3413251903 0.0000000000
0.0177827941 1000.0000000000 0.0000000000
0.0316227766 0.0000100000 -2.8862225999
0.0316227766 0.0000177828 -2.8863600981
0.0316227766 0.0000316228 -2.8866043898
0.0316227766 0.0000562341 -2.8870381183
0.0316227766 0.0001000000 -2.8878072306
0.0316227766 0.0001778279 -2.8891680683
0.0316227766 0.0003162278 -2.8915665063
0.0316227766 0.0005623413 -2.8957647351
0.0316227766 0.0010000000 -2.9022482427
0.0316227766 0.0017782794 -2.9136336227
0.0316227766 0.0031622777 -2.9327317582
0.0316227766 0.0056234133 -2.9647132234
0.0316227766 0.0100000000 -3.0057232511
0.0316227766 0.0177827941 -2.9746055800
0.0316227766 0.0316227766 -3.0012774114
0.0316227766 0.0562341325 -2.9424894416
0.0316227766 0.1000000000 -2.7499037229
0.0316227766 0.1778279410 -2.7048883743
0.0316227766 0.3162277660 -2.5410814556
0.0316227766 0.5623413252 -2.1794428794
0.0316227766 1.0000000000 -1.8223195301
0.0316227766 1.7782794100 -1.4609215171
0.0316227766 3.1622776602 -1.0547693828
0.0316227766 5.6234132519 -0.7083979353
0.0316227766 10.0000000000 -0.4464459666
0.0316227766 17.7827941004 -0.2853717293
0.0316227766 31.6227766017 -0.1888389438
0.0316227766 56.2341325190 -0.1352393299
0.0316227766 100.0000000000 -0.0936439878
0.0316227766 177.8279410039 -0.0489174784
0.0316227766 316.2277660168 0.0000000000
0.0316227766 562.3413251903 0.0000000000
0.0316227766 1000.0000000000 0.0000000000
0.0562341325 0.0000100000 -2.9226486108
0.0562341325 0.0000177828 -2.9227369651
0.0562341325 0.0000316228 -2.9228940079
0.0562341325 0.0000562341 -2.9231730344
0.0562341325 0.0001000000 -2.9236684656
0.0562341325 0.0001778279 -2.9245470991
0.0562341325 0.0003162278 -2.9261020728
0.0562341325 0.0005623413 -2.9281366675
0.0562341325 0.0010000000 -2.9329508469
0.0562341325 0.0017782794 -2.9412835328
0.0562341325 0.0031622777 -2.9545380271
0.0562341325 0.0056234133 -2.9779116149
0.0562341325 0.0100000000 -3.0130189649
0.0562341325 0.0177827941 -3.0578252559
0.0562341325 0.0316227766 -3.0374994120
0.0562341325 0.0562341325 -3.0606708427
0.0562341325 0.1000000000 -3.0122166472
0.0562341325 0.1778279410 -2.7983449550
0.0562341325 0.3162277660 -2.7134803253
0.0562341325 0.5623413252 -2.5027010649
0.0562341325 1.0000000000 -2.2181695471
0.0562341325 1.7782794100 -1.8075586037
0.0562341325 3.1622776602 -1.4128911897
0.0562341325 5.6234132519 -1.0151248487
0.0562341325 10.0000000000 -0.6697404191
0.0562341325 17.7827941004 -0.4100588113
0.0562341325 31.6227766017 -0.2448765236
0.0562341325 56.2341325190 -0.1560973477
0.0562341325 100.0000000000 -0.0990858457
0.0562341325 177.8279410039 -0.0478080914
0.0562341325 316.2277660168 0.0000000000
0.0562341325 562.3413251903 0.0000000000
0.0562341325 1000.0000000000 0.0000000000
0.1000000000 0.0000100000 -2.9645197598
0.1000000000 0.0000177828 -2.9645787999
0.1000000000 0.0000316228 -2.9646837640
0.1000000000 0.0000562341 -2.9648703383
0.1000000000 0.0001000000 -2.9652018634
0.1000000000 0.0001778279 -2.9657905999
0.1000000000 0.0003162278 -2.9668349952
0.1000000000 0.0005623413 -2.9686842500
0.1000000000 0.0010000000 -2.9712115513
0.1000000000 0.0017782794 -2.9769352396
0.1000000000 0.0031622777 -2.9868688925
0.1000000000 0.0056234133 -3.0038214237
0.1000000000 0.0100000000 -3.0318028442
0.1000000000 0.0177827941 -3.0729245006
0.1000000000 0.0316227766 -3.1214645324
0.1000000000 0.0562341325 -3.1158887756
0.1000000000 0.1000000000 -3.1314674048
0.1000000000 0.1778279410 -2.8659672928
0.1000000000 0.3162277660 -2.8174319440
0.1000000000 0.5623413252 -2.6751062239
0.1000000000 1.0000000000 -2.4012903377
0.1000000000 1.7782794100 -2.1928904031
0.1000000000 3.1622776602 -1.8090788117
0.1000000000 5.6234132519 -1.3708148609
0.1000000000 10.0000000000 -0.9436910771
0.1000000000 17.7827941004 -0.5878150287
0.1000000000 31.6227766017 -0.3332183873
0.1000000000 56.2341325190 -0.1880003613
0.1000000000 100.0000000000 -0.1075467881
0.1000000000 177.8279410039 -0.0456829842
0.1000000000 316.2277660168 0.0000000000
0.1000000000 562.3413251903 0.0000000000
0.1000000000 1000.0000000000 0.0000000000
0.1778279410 0.0000100000 -3.0071614469
0.1778279410 0.0000177828 -3.0072019000
0.1778279410 0.0000316228 -3.0072738278
0.1778279410 0.0000562341 -3.0074017069
0.1778279410 0.0001000000 -3.0076290210
0.1778279410 0.0001778279 -3.0080329621
0.1778279410 0.0003162278 -3.0087503753
0.1778279410 0.0005623413 -3.0100232677
0.1778279410 0.0010000000 -3.0122777469
0.1778279410 0.0017782794 -3.0162580409
0.1778279410 0.0031622777 -3.0232440862
0.1778279410 0.0056234133 -3.0353669669
0.1778279410 0.0100000000 -3.0559064479
0.1778279410 0.0177827941 -3.0875894774
0.1778279410 0.0316227766 -3.1330830534
0.1778279410 0.0562341325 -3.1846464014
0.1778279410 0.1000000000 -3.1845959281
0.1778279410 0.1778279410 -3.1843998951
0.1778279410 0.3162277660 -2.8707921133
0.1778279410 0.5623413252 -2.7748347825
0.1778279410 1.0000000000 -2.5689850783
0.1778279410 1.7782794100 -2.3018315095
0.1778279410 3.1622776602 -2.0130515861
0.1778279410 5.6234132519 -1.8866500732
0.1778279410 10.0000000000 -1.2347888583
0.1778279410 17.7827941004 -0.8051144749
0.1778279410 31.6227766017 -0.4613995264
0.1778279410 56.2341325190 -0.2329855460
0.1778279410 100.0000000000 -0.1149362109
0.1778279410 177.8279410039 -0.0417845799
0.1778279410 316.2277660168 0.0000000000
0.1778279410 562.3413251903 0.0000000000
0.1778279410 1000.0000000000 0.0000000000
0.3162277660 0.0000100000 -3.0671567526
0.3162277660 0.0000177828 -3.0671846572
0.3162277660 0.0000316228 -3.0672342734
0.3162277660 0.0000562341 -3.0673224866
0.3162277660 0.0001000000 -3.0674792964
0.3162277660 0.0001778279 -3.0677579647
0.3162277660 0.0003162278 -3.0682529353
0.3162277660 0.0005623413 -3.0691312976
0.3162277660 0.0010000000 -3.0706874674
0.3162277660 0.0017782794 -3.0734364019
0.3162277660 0.0031622777 -3.0782666545
0.3162277660 0.0056234133 -3.0866727966
0.3162277660 0.0100000000 -3.1005934734
0.3162277660 0.0177827941 -3.1241634464
0.3162277660 0.0316227766 -3.1269326261
0.3162277660 0.0562341325 -3.1657891648
0.3162277660 0.1000000000 -3.1820652080
0.3162277660 0.1778279410 -3.2066818920
0.3162277660 0.3162277660 -2.8734823463
0.3162277660 0.5623413252 -2.8110268259
0.3162277660 1.0000000000 -2.6570104949
0.3162277660 1.7782794100 -2.5059723908
0.3162277660 3.1622776602 -2.4605667736
0.3162277660 5.6234132519 -1.8661104331
0.3162277660 10.0000000000 -1.4573401958
0.3162277660 17.7827941004 -1.0473457946
0.3162277660 31.6227766017 -0.6240386920
0.3162277660 56.2341325190 -0.2897181583
0.3162277660 100.0000000000 -0.1181216671
0.3162277660 177.8279410039 -0.0369068249
0.3162277660 316.2277660168 0.0000000000
0.3162277660 562.3413251903 0.0000000000
0.3162277660 1000.0000000000 0.0000000000
0.5623413252 0.0000100000 -2.9871246532
0.5623413252 0.0000177828 -2.9871399151
0.5623413252 0.0000316228 -2.9871670530
0.5623413252 0.0000562341 -2.9872153052
0.5623413252 0.0001000000 -2.9873010905
0.5623413252 0.0001778279 -2.9874535756
0.5623413252 0.0003162278 -2.9877245306
0.5623413252 0.0005623413 -2.9882057124
0.5623413252 0.0010000000 -2.9890593254
0.5623413252 0.0017782794 -2.9905707603
0.5623413252 0.0031622777 -2.9932378492
0.5623413252 0.0056234133 -2.9979152644
0.5623413252 0.0100000000 -3.0060263843
0.5623413252 0.0177827941 -2.7556590170
0.5623413252 0.0316227766 -2.7275480246
0.5623413252 0.0562341325 -3.0761811613
0.5623413252 0.1000000000 -3.1154956445
0.5623413252 0.1778279410 -3.1414074121
0.5623413252 0.3162277660 -3.1294239713
0.5623413252 0.5623413252 -2.8070262600
0.5623413252 1.0000000000 -2.3073379801
0.5623413252 1.7782794100 -2.3713716535
0.5623413252 3.1622776602 -2.2560079048
0.5623413252 5.6234132519 -1.9074690432
0.5623413252 10.0000000000 -1.9010606239
0.5623413252 17.7827941004 -1.3797991237
0.5623413252 31.6227766017 -0.7725757853
0.5623413252 56.2341325190 -0.3637888218
0.5623413252 100.0000000000 -0.1227721629
0.5623413252 177.8279410039 -0.0301967504
0.5623413252 316.2277660168 0.0000000000
0.5623413252 562.3413251903 0.0000000000
0.5623413252 1000.0000000000 0.0000000000
1.0000000000 0.0000100000 -2.6120905088
1.0000000000 0.0000177828 -2.6120937542
1.0000000000 0.0000316228 -2.6120995252
1.0000000000 0.0000562341 -2.6121097864
1.0000000000 0.0001000000 -2.6121280300
1.0000000000 0.0001778279 -2.6121604602
1.0000000000 0.0003162278 -2.6122180925
1.0000000000 0.0005623413 -2.6123204595
1.0000000000 0.0010000000 -2.6125021192
1.0000000000 0.0017782794 -2.6128239650
1.0000000000 0.0031622777 -2.6133925044
1.0000000000 0.0056234133 -2.9535330234
1.0000000000 0.0100000000 -2.9572890074
1.0000000000 0.0177827941 -2.9636188646
1.0000000000 0.0316227766 -2.9786492067
1.0000000000 0.0562341325 -2.8976171099
1.0000000000 0.1000000000 -3.0030719320
1.0000000000 0.1778279410 -2.7697136800
1.0000000000 0.3162277660 -2.7757410474
1.0000000000 0.5623413252 -2.9712118709
1.0000000000 1.0000000000 -2.8826683041
1.0000000000 1.7782794100 -2.7177567331
1.0000000000 3.1622776602 -2.1357794445
1.0000000000 5.6234132519 -2.0029165277
1.0000000000 10.0000000000 -2.0296462510
1.0000000000 17.7827941004 -1.2880285572
1.0000000000 31.6227766017 -0.8853637995
1.0000000000 56.2341325190 -0.4448405877
1.0000000000 100.0000000000 -0.1201037327
1.0000000000 177.8279410039 -0.0240632243
1.0000000000 316.2277660168 0.0000000000
1.0000000000 562.3413251903 0.0000000000
1.0000000000 1000.0000000000 0.0000000000
1.7782794100 0.0000100000 -2.8073991190
1.7782794100 0.0000177828 -2.8074017270
1.7782794100 0.0000316228 -2.8074063642
1.7782794100 0.0000562341 -2.8074146086
1.7782794100 0.0001000000 -2.8074292643
1.7782794100 0.0001778279 -2.8074553093
1.7782794100 0.0003162278 -2.8075015710
1.7782794100 0.0005623413 -2.8075836678
1.7782794100 0.0010000000 -2.8077291210
1.7782794100 0.0017782794 -2.8079860651
1.7782794100 0.0031622777 -2.8084375061
1.7782794100 0.0056234133 -2.8092226142
1.7782794100 0.0100000000 -2.8105608331
1.7782794100 0.0177827941 -1.8923382627
1.7782794100 0.0316227766 -2.8278406151
1.7782794100 0.0562341325 -2.8334386382
1.7782794100 0.1000000000 -2.7351989571
1.7782794100 0.1778279410 -2.7436884546
1.7782794100 0.3162277660 -2.8453176988
1.7782794100 0.5623413252 -1.9935095739
1.7782794100 1.0000000000 -2.3850420711
1.7782794100 1.7782794100 -2.2757831332
1.7782794100 3.1622776602 -2.3285307425
1.7782794100 5.6234132519 -2.0418235800
1.7782794100 10.0000000000 -1.5651161072
1.7782794100 17.7827941004 -1.3526205743
1.7782794100 31.6227766017 -0.9628542384
1.7782794100 56.2341325190 -0.5069354753
1.7782794100 100.0000000000 -0.1199142182
1.7782794100 177.8279410039 -0.0159255878
1.7782794100 316.2277660168 0.0000000000
1.7782794100 562.3413251903 0.0000000000
1.7782794100 1000.0000000000 0.0000000000
3.1622776602 0.0000100000 -2.6748773775
3.1622776602 0.0000177828 -2.6748784996
3.1622776602 0.0000316228 -2.6748804947
3.1622776602 0.0000562341 -2.6748840418
3.1622776602 0.0001000000 -2.6748903470
3.1622776602 0.0001778279 -2.6749015510
3.1622776602 0.0003162278 -2.6749214490
3.1622776602 0.0005623413 -2.6749567507
3.1622776602 0.0010000000 -2.6750192654
3.1622776602 0.0017782794 -2.6751296039
3.1622776602 0.0031622777 -2.6753231739
3.1622776602 0.0056234133 -2.6756589742
3.1622776602 0.0100000000 -2.6762295148
3.1622776602 0.0177827941 -2.6771648566
3.1622776602 0.0316227766 -2.6786361212
3.1622776602 0.0562341325 -2.6807507145
3.1622776602 0.1000000000 -2.5636269716
3.1622776602 0.1778279410 -2.6348780749
3.1622776602 0.3162277660 -2.5721441329
3.1622776602 0.5623413252 -2.6520645634
3.1622776602 1.0000000000 -2.2817628043
3.1622776602 1.7782794100 -2.1951102967
3.1622776602 3.1622776602 -2.0576900632
3.1622776602 5.6234132519 -1.8493623694
3.1622776602 10.0000000000 -2.0426718689
3.1622776602 17.7827941004 -1.3949085236
3.1622776602 31.6227766017 -1.0173975870
3.1622776602 56.2341325190 -0.5473872480
3.1622776602 100.0000000000 -0.1202483164
3.1622776602 177.8279410039 -0.0096527548
3.1622776602 316.2277660168 0.0000000000
3.1622776602 562.3413251903 0.0000000000
3.1622776602 1000.0000000000 0.0000000000
5.6234132519 0.0000100000 -2.4919213374
5.6234132519 0.0000177828 -2.4919214169
5.6234132519 0.0000316228 -2.4919215581
5.6234132519 0.0000562341 -2.4919218092
5.6234132519 0.0001000000 -2.4919222549
5.6234132519 0.0001778279 -2.4919230453
5.6234132519 0.0003162278 -2.4919244442
5.6234132519 0.0005623413 -2.4919269106
5.6234132519 0.0010000000 -2.4919312310
5.6234132519 0.0017782794 -2.4919387145
5.6234132519 0.0031622777 -2.4919514350
5.6234132519 0.0056234133 -2.4919724277
5.6234132519 0.0100000000 -2.4920057483
5.6234132519 0.0177827941 -2.5074108891
5.6234132519 0.0316227766 -2.5079903923
5.6234132519 0.0562341325 -2.4775893681
5.6234132519 0.1000000000 -2.2567427347
5.6234132519 0.1778279410 -2.4993216724
5.6234132519 0.3162277660 -2.4827715638
5.6234132519 0.5623413252 -2.4682167202
5.6234132519 1.0000000000 -2.3916523614
5.6234132519 1.7782794100 -2.3786279343
5.6234132519 3.1622776602 -2.2310062024
5.6234132519 5.6234132519 -2.0308188676
5.6234132519 10.0000000000 -2.0074897221
5.6234132519 17.7827941004 -1.4592350359
5.6234132519 31.6227766017 -1.0272051191
5.6234132519 56.2341325190 -0.6645665630
5.6234132519 100.0000000000 -0.1220041691
5.6234132519 177.8279410039 -0.0064739240
5.6234132519 316.2277660168 0.0000000000
5.6234132519 562.3413251903 0.0000000000
5.6234132519 1000.0000000000 0.0000000000
10.0000000000 0.0000100000 -2.3558443752
10.0000000000 0.0000177828 -2.3558443659
10.0000000000 0.0000316228 -2.3558443493
10.0000000000 0.0000562341 -2.3558443196
10.0000000000 0.0001000000 -2.3558442663
10.0000000000 0.0001778279 -2.3558441700
10.0000000000 0.0003162278 -2.3558439937
10.0000000000 0.0005623413 -2.3558436644
10.0000000000 0.0010000000 -2.3558430292
10.0000000000 0.0017782794 -2.3558417437
10.0000000000 0.0031622777 -2.3558389729
10.0000000000 0.0056234133 -2.3558325918
10.0000000000 0.0100000000 -2.3558173503
10.0000000000 0.0177827941 -2.2559407445
10.0000000000 0.0316227766 -2.3508809387
10.0000000000 0.0562341325 -2.3608281512
10.0000000000 0.1000000000 -2.3547900330
10.0000000000 0.1778279410 -2.3477112558
10.0000000000 0.3162277660 -2.3478660596
10.0000000000 0.5623413252 -2.3381921969
10.0000000000 1.0000000000 -2.2733902001
10.0000000000 1.7782794100 -2.2762258369
10.0000000000 3.1622776602 -2.1141773872
10.0000000000 5.6234132519 -1.7804170874
10.0000000000 10.0000000000 -1.5513845424
10.0000000000 17.7827941004 -1.2944828857
10.0000000000 31.6227766017 -1.0639007634
10.0000000000 56.2341325190 -0.5999171052
10.0000000000 100.0000000000 -0.1271487953
10.0000000000 177.8279410039 -0.0028483900
10.0000000000 316.2277660168 0.0000000000
10.0000000000 562.3413251903 0.0000000000
10.0000000000 1000.0000000000 0.0000000000
17.7827941004 0.0000100000 -2.1392006582
17.7827941004 0.0000177828 -2.1392008722
17.7827941004 0.0000316228 -2.1392012526
17.7827941004 0.0000562341 -2.1392019291
17.7827941004 0.0001000000 -2.1392031319
17.7827941004 0.0001778279 -2.1392052705
17.7827941004 0.0003162278 -2.1392090719
17.7827941004 0.0005623413 -2.1392158273
17.7827941004 0.0010000000 -2.1392278256
17.7827941004 0.0017782794 -2.1392491140
17.7827941004 0.0031622777 -2.1392868124
17.7827941004 0.0056234133 -2.1393533073
17.7827941004 0.0100000000 -2.1394695703
17.7827941004 0.0177827941 -2.1396684402
17.7827941004 0.0316227766 -2.2058299047
17.7827941004 0.0562341325 -2.2071172402
17.7827941004 0.1000000000 -2.2279705824
17.7827941004 0.1778279410 -2.2227865171
17.7827941004 0.3162277660 -2.2191926343
17.7827941004 0.5623413252 -2.2120660287
17.7827941004 1.0000000000 -2.1974482335
17.7827941004 1.7782794100 -2.1707767165
17.7827941004 3.1622776602 -2.1280660730
17.7827941004 5.6234132519 -1.7405268491
17.7827941004 10.0000000000 -1.7408641726
17.7827941004 17.7827941004 -1.4476583880
17.7827941004 31.6227766017 -1.0736043384
17.7827941004 56.2341325190 -0.6107899066
17.7827941004 100.0000000000 -0.1322170728
17.7827941004 177.8279410039 -0.0011929215
17.7827941004 316.2277660168 0.0000000000
17.7827941004 562.3413251903 0.0000000000
17.7827941004 1000.0000000000 0.0000000000
31.6227766017 0.0000100000 -2.1176239272
31.6227766017 0.0000177828 -2.1176237220
31.6227766017 0.0000316228 -2.1176233572
31.6227766017 0.0000562341 -2.1176227084
31.6227766017 0.0001000000 -2.1176215548
31.6227766017 0.0001778279 -2.1176195036
31.6227766017 0.0003162278 -2.1176158567
31.6227766017 0.0005623413 -2.1176093738
31.6227766017 0.0010000000 -2.1175978525
31.6227766017 0.0017782794 -2.1175773890
31.6227766017 0.0031622777 -2.0486044085
31.6227766017 0.0056234133 -2.0486474566
31.6227766017 0.0100000000 -2.1148239005
31.6227766017 0.0177827941 -2.1007977720
31.6227766017 0.0316227766 -2.0997952579
31.6227766017 0.0562341325 -2.1008950750
31.6227766017 0.1000000000 -2.1219692186
31.6227766017 0.1778279410 -2.1008904991
31.6227766017 0.3162277660 -2.1164679550
31.6227766017 0.5623413252 -2.1109800180
31.6227766017 1.0000000000 -2.0593502407
31.6227766017 1.7782794100 -2.0254238290
31.6227766017 3.1622776602 -2.0522969674
31.6227766017 5.6234132519 -1.9956165860
31.6227766017 10.0000000000 -1.7254994065
31.6227766017 17.7827941004 -1.2868402118
31.6227766017 31.6227766017 -1.3399689501
31.6227766017 56.2341325190 -0.6192155602
31.6227766017 100.0000000000 -0.1359300250
31.6227766017 177.8279410039 -0.0012531059
31.6227766017 316.2277660168 0.0000000000
31.6227766017 562.3413251903 0.0000000000
31.6227766017 1000.0000000000 0.0000000000
56.2341325190 0.0000100000 -2.0342064328
56.2341325190 0.0000177828 -2.0342063465
56.2341325190 0.0000316228 -2.0342061932
56.2341325190 0.0000562341 -2.0342059205
56.2341325190 0.0001000000 -2.0342054356
56.2341325190 0.0001778279 -2.0342045735
56.2341325190 0.0003162278 -2.0342030412
56.2341325190 0.0005623413 -2.0342003183
56.2341325190 0.0010000000 -2.0341954829
56.2341325190 0.0017782794 -2.0341869052
56.2341325190 0.0031622777 -2.0341717189
56.2341325190 0.0056234133 -2.0341449297
56.2341325190 0.0100000000 -2.0346454539
56.2341325190 0.0177827941 -2.0135813046
56.2341325190 0.0316227766 -2.0131973366
56.2341325190 0.0562341325 -2.0158527614
56.2341325190 0.1000000000 -2.0295682719
56.2341325190 0.1778279410 -1.5886658758
56.2341325190 0.3162277660 -2.0158488266
56.2341325190 0.5623413252 -1.8830678911
56.2341325190 1.0000000000 -1.9822244449
56.2341325190 1.7782794100 -2.0018759086
56.2341325190 3.1622776602 -1.6949492694
56.2341325190 5.6234132519 -1.8795482406
56.2341325190 10.0000000000 -1.7099316694
56.2341325190 17.7827941004 -1.2812337075
56.2341325190 31.6227766017 -0.9653056748
56.2341325190 56.2341325190 -0.7313879991
56.2341325190 100.0000000000 -0.1385002427
56.2341325190 177.8279410039 -0.0010603218
56.2341325190 316.2277660168 0.0000000000
56.2341325190 562.3413251903 0.0000000000
56.2341325190 1000.0000000000 0.0000000000
100.0000000000 0.0000100000 -1.9494053696
100.0000000000 0.0000177828 -1.9494051863
100.0000000000 0.0000316228 -1.9494048604
100.0000000000 0.0000562341 -1.9494042807
100.0000000000 0.0001000000 -1.9494032498
100.0000000000 0.0001778279 -1.9494014164
100.0000000000 0.0003162278 -1.9493981555
100.0000000000 0.0005623413 -1.9493923547
100.0000000000 0.0010000000 -1.9493820335
100.0000000000 0.0017782794 -1.9493636612
100.0000000000 0.0031622777 -1.9493309348
100.0000000000 0.0056234133 -1.9492725769
100.0000000000 0.0100000000 -1.9491683528
100.0000000000 0.0177827941 -1.9685240821
100.0000000000 0.0316227766 -1.9685809327
100.0000000000 0.0562341325 -1.9681783949
100.0000000000 0.1000000000 -1.9091603671
100.0000000000 0.1778279410 -1.9604919086
100.0000000000 0.3162277660 -1.9601456931
100.0000000000 0.5623413252 -1.9592134872
100.0000000000 1.0000000000 -1.9233551415
100.0000000000 1.7782794100 -1.9459976192
100.0000000000 3.1622776602 -1.9301393393
100.0000000000 5.6234132519 -1.9081463358
100.0000000000 10.0000000000 -1.8056371472
100.0000000000 17.7827941004 -1.4550562898
100.0000000000 31.6227766017 -1.3531015327
100.0000000000 56.2341325190 -0.6237511850
100.0000000000 100.0000000000 -0.1398154035
100.0000000000 177.8279410039 -0.0003887329
100.0000000000 316.2277660168 0.0000000000
100.0000000000 562.3413251903 0.0000000000
100.0000000000 1000.0000000000 0.0000000000