x   y   c
0.0001000000 0.0000100000 21.2019202940
0.0001000000 0.0000177828 21.2894348700
0.0001000000 0.0000316228 21.4390362390
0.0001000000 0.0000562341 21.6854746440
0.0001000000 0.0001000000 22.0426209950
0.0001000000 0.0001778279 22.4343766820
0.0001000000 0.0003162278 22.8570812890
0.0001000000 0.0005623413 23.0163839330
0.0001000000 0.0010000000 22.6171825190
0.0001000000 0.0017782794 21.7258542220
0.0001000000 0.0031622777 20.9619701330
0.0001000000 0.0056234133 18.2226776380
0.0001000000 0.0100000000 13.2881465300
0.0001000000 0.0177827941 0.6572804930
0.0001000000 0.0316227766 0.2045872250
0.0001000000 0.0562341325 -0.1249916960
0.0001000000 0.1000000000 -0.2880795590
0.0001000000 0.1778279410 1.8871494960
0.0001000000 0.3162277660 1.4571109900
0.0001000000 0.5623413252 1.2495138770
0.0001000000 1.0000000000 1.1281007530
0.0001000000 1.7782794100 1.0437334490
0.0001000000 3.1622776602 1.0078510210
0.0001000000 5.6234132519 0.9905812180
0.0001000000 10.0000000000 0.9821289950
0.0001000000 17.7827941004 0.9724892300
0.0001000000 31.6227766017 0.9530854750
0.0001000000 56.2341325190 0.9187223310
0.0001000000 100.0000000000 0.8141217280
0.0001000000 177.8279410039 0.5022646820
0.0001000000 316.2277660168 -0.0000000000
0.0001000000 562.3413251903 -0.0000000000
0.0001000000 1000.0000000000 -0.0000000000
0.0001778279 0.0000100000 24.6221349460
0.0001778279 0.0000177828 24.6983229170
0.0001778279 0.0000316228 24.8267939090
0.0001778279 0.0000562341 25.0469369280
0.0001778279 0.0001000000 25.4271594650
0.0001778279 0.0001778279 25.4543843190
0.0001778279 0.0003162278 25.2247310940
0.0001778279 0.0005623413 24.9378896260
0.0001778279 0.0010000000 23.6452544070
0.0001778279 0.0017782794 22.7338008300
0.0001778279 0.0031622777 21.9141299530
0.0001778279 0.0056234133 21.3255933450
0.0001778279 0.0100000000 18.3577342580
0.0001778279 0.0177827941 13.0644501920
0.0001778279 0.0316227766 0.7527326020
0.0001778279 0.0562341325 0.6649481770
0.0001778279 0.1000000000 3.5343703120
0.0001778279 0.1778279410 2.4726284920
0.0001778279 0.3162277660 1.8141382540
0.0001778279 0.5623413252 1.4546333650
0.0001778279 1.0000000000 0.2416037690
0.0001778279 1.7782794100 1.1051494760
0.0001778279 3.1622776602 1.0423775360
0.0001778279 5.6234132519 1.0104304270
0.0001778279 10.0000000000 0.9937032920
0.0001778279 17.7827941004 0.9790275460
0.0001778279 31.6227766017 0.9563846300
0.0001778279 56.2341325190 0.9201915450
0.0001778279 100.0000000000 0.8145347060
0.0001778279 177.8279410039 0.5022354040
0.0001778279 316.2277660168 -0.0000000000
0.0001778279 562.3413251903 -0.0000000000
0.0001778279 1000.0000000000 -0.0000000000
0.0003162278 0.0000100000 26.7504591350
0.0003162278 0.0000177828 26.4350918100
0.0003162278 0.0000316228 26.4176121250
0.0003162278 0.0000562341 26.4575835690
0.0003162278 0.0001000000 26.5288671070
0.0003162278 0.0001778279 26.2184610420
0.0003162278 0.0003162278 26.3578302310
0.0003162278 0.0005623413 26.6555760940
0.0003162278 0.0010000000 25.8449068120
0.0003162278 0.0017782794 24.4539814880
0.0003162278 0.0031622777 22.9547220640
0.0003162278 0.0056234133 22.2987208630
0.0003162278 0.0100000000 21.7492589790
0.0003162278 0.0177827941 18.2062340650
0.0003162278 0.0316227766 12.4159720610
0.0003162278 0.0562341325 0.8736047080
0.0003162278 0.1000000000 5.0779779790
0.0003162278 0.1778279410 3.3936475560
0.0003162278 0.3162277660 2.3602705970
0.0003162278 0.5623413252 1.7654570960
0.0003162278 1.0000000000 1.4201005700
0.0003162278 1.7782794100 1.2117979360
0.0003162278 3.1622776602 1.1028498160
0.0003162278 5.6234132519 1.0453750530
0.0003162278 10.0000000000 1.0141419840
0.0003162278 17.7827941004 0.9905962200
0.0003162278 31.6227766017 0.9622302120
0.0003162278 56.2341325190 0.9227969190
0.0003162278 100.0000000000 0.8152672990
0.0003162278 177.8279410039 0.5021832620
0.0003162278 316.2277660168 -0.0000000000
0.0003162278 562.3413251903 -0.0000000000
0.0003162278 1000.0000000000 -0.0000000000
0.0005623413 0.0000100000 26.9922554420
0.0005623413 0.0000177828 27.0247674950
0.0005623413 0.0000316228 27.0820722020
0.0005623413 0.0000562341 27.1685028540
0.0005623413 0.0001000000 27.2957018950
0.0005623413 0.0001778279 27.4525348210
0.0005623413 0.0003162278 27.5100477750
0.0005623413 0.0005623413 27.3016664170
0.0005623413 0.0010000000 27.2575940300
0.0005623413 0.0017782794 26.7438504860
0.0005623413 0.0031622777 24.6394461100
0.0005623413 0.0056234133 23.2709636050
0.0005623413 0.0100000000 22.9540520860
0.0005623413 0.0177827941 22.1450361440
0.0005623413 0.0316227766 17.4618590670
0.0005623413 0.0562341325 11.4899058830
0.0005623413 0.1000000000 7.3972679800
0.0005623413 0.1778279410 0.7214157320
0.0005623413 0.3162277660 3.1895685530
0.0005623413 0.5623413252 2.2799685570
0.0005623413 1.0000000000 1.7273749660
0.0005623413 1.7782794100 1.3793882860
0.0005623413 3.1622776602 1.2076946710
0.0005623413 5.6234132519 1.1064551760
0.0005623413 10.0000000000 1.0500481580
0.0005623413 17.7827941004 1.0109881420
0.0005623413 31.6227766017 0.9725589820
0.0005623413 56.2341325190 0.9274071080
0.0005623413 100.0000000000 0.8165643960
0.0005623413 177.8279410039 0.5020903040
0.0005623413 316.2277660168 -0.0000000000
0.0005623413 562.3413251903 -0.0000000000
0.0005623413 1000.0000000000 -0.0000000000
0.0010000000 0.0000100000 27.4058354310
0.0010000000 0.0000177828 27.4291771850
0.0010000000 0.0000316228 27.4598255550
0.0010000000 0.0000562341 27.5141965210
0.0010000000 0.0001000000 27.5074669530
0.0010000000 0.0001778279 27.6448110680
0.0010000000 0.0003162278 27.8340899510
0.0010000000 0.0005623413 28.0104096690
0.0010000000 0.0010000000 27.8446144150
0.0010000000 0.0017782794 27.7004932050
0.0010000000 0.0031622777 27.0956162720
0.0010000000 0.0056234133 24.6947900730
0.0010000000 0.0100000000 23.7486842320
0.0010000000 0.0177827941 23.6327893960
0.0010000000 0.0316227766 22.3588095890
0.0010000000 0.0562341325 16.5663563630
0.0010000000 0.1000000000 10.7722299060
0.0010000000 0.1778279410 6.7391166420
0.0010000000 0.3162277660 4.4268879240
0.0010000000 0.5623413252 2.9952344090
0.0010000000 1.0000000000 2.1691280070
0.0010000000 1.7782794100 1.6276354130
0.0010000000 3.1622776602 1.3669049610
0.0010000000 5.6234132519 1.2119966700
0.0010000000 10.0000000000 1.1125859140
0.0010000000 17.7827941004 1.0467011320
0.0010000000 31.6227766017 0.9907213730
0.0010000000 56.2341325190 0.9355339440
0.0010000000 100.0000000000 0.8188532620
0.0010000000 177.8279410039 0.5019242740
0.0010000000 316.2277660168 -0.0000000000
0.0010000000 562.3413251903 -0.0000000000
0.0010000000 1000.0000000000 -0.0000000000
0.0017782794 0.0000100000 27.6112479480
0.0017782794 0.0000177828 27.6231883410
0.0017782794 0.0000316228 27.6475705120
0.0017782794 0.0000562341 27.6835981950
0.0017782794 0.0001000000 27.7438424040
0.0017782794 0.0001778279 27.8386112640
0.0017782794 0.0003162278 27.9801683330
0.0017782794 0.0005623413 28.1951720670
0.0017782794 0.0010000000 28.4317816480
0.0017782794 0.0017782794 28.2730837660
0.0017782794 0.0031622777 28.0614803690
0.0017782794 0.0056234133 27.1567367180
0.0017782794 0.0100000000 24.7292101850
0.0017782794 0.0177827941 24.3358276680
0.0017782794 0.0316227766 24.1109422730
0.0017782794 0.0562341325 21.6942234330
0.0017782794 0.1000000000 14.9703747810
0.0017782794 0.1778279410 9.7185773010
0.0017782794 0.3162277660 6.3595928930
0.0017782794 0.5623413252 1.2976861650
0.0017782794 1.0000000000 2.8331718640
0.0017782794 1.7782794100 2.0918070240
0.0017782794 3.1622776602 1.6555044090
0.0017782794 5.6234132519 1.3912793490
0.0017782794 10.0000000000 1.2200238950
0.0017782794 17.7827941004 1.1085788950
0.0017782794 31.6227766017 1.0223955770
0.0017782794 56.2341325190 0.9497656110
0.0017782794 100.0000000000 0.8228682980
0.0017782794 177.8279410039 0.5016268360
0.0017782794 316.2277660168 -0.0000000000
0.0017782794 562.3413251903 -0.0000000000
0.0017782794 1000.0000000000 -0.0000000000
0.0031622777 0.0000100000 27.8226415360
0.0031622777 0.0000177828 27.8325737600
0.0031622777 0.0000316228 27.8449761720
0.0031622777 0.0000562341 27.8704967570
0.0031622777 0.0001000000 27.9130235440
0.0031622777 0.0001778279 27.9866066820
0.0031622777 0.0003162278 28.0959228990
0.0031622777 0.0005623413 28.2830882990
0.0031622777 0.0010000000 28.5500786460
0.0031622777 0.0017782794 28.8283886920
0.0031622777 0.0031622777 28.5798487390
0.0031622777 0.0056234133 28.3355556640
0.0031622777 0.0100000000 27.0562112010
0.0031622777 0.0177827941 25.0460886540
0.0031622777 0.0316227766 24.9474676350
0.0031622777 0.0562341325 24.4241411470
0.0031622777 0.1000000000 20.7076643240
0.0031622777 0.1778279410 13.9721955180
0.0031622777 0.3162277660 9.5824339490
0.0031622777 0.5623413252 6.6580207610
0.0031622777 1.0000000000 4.4221373350
0.0031622777 1.7782794100 2.9175760070
0.0031622777 3.1622776602 2.1296163160
0.0031622777 5.6234132519 1.6505146430
0.0031622777 10.0000000000 1.3734105230
0.0031622777 17.7827941004 1.0416814940
0.0031622777 31.6227766017 1.0768769600
0.0031622777 56.2341325190 0.9744070150
0.0031622777 100.0000000000 0.8298383000
0.0031622777 177.8279410039 0.5010915400
0.0031622777 316.2277660168 -0.0000000000
0.0031622777 562.3413251903 -0.0000000000
0.0031622777 1000.0000000000 -0.0000000000
0.0056234133 0.0000100000 28.0451561960
0.0056234133 0.0000177828 28.0511275670
0.0056234133 0.0000316228 28.0616972690
0.0056234133 0.0000562341 28.0803392660
0.0056234133 0.0001000000 28.1072393080
0.0056234133 0.0001778279 28.1515258840
0.0056234133 0.0003162278 28.2344544360
0.0056234133 0.0005623413 28.3704260150
0.0056234133 0.0010000000 28.5716928390
0.0056234133 0.0017782794 28.8984068550
0.0056234133 0.0031622777 29.1578301120
0.0056234133 0.0056234133 28.8509725420
0.0056234133 0.0100000000 28.5556461050
0.0056234133 0.0177827941 26.7778952040
0.0056234133 0.0316227766 25.6117899610
0.0056234133 0.0562341325 25.4017238960
0.0056234133 0.1000000000 24.5120256070
0.0056234133 0.1778279410 18.6825847820
0.0056234133 0.3162277660 13.5890997050
0.0056234133 0.5623413252 10.0827082070
0.0056234133 1.0000000000 6.9828543810
0.0056234133 1.7782794100 4.6158360750
0.0056234133 3.1622776602 3.0580183510
0.0056234133 5.6234132519 2.1108236700
0.0056234133 10.0000000000 1.6540641670
0.0056234133 17.7827941004 1.3612499810
0.0056234133 31.6227766017 1.1685465250
0.0056234133 56.2341325190 1.0162693770
0.0056234133 100.0000000000 0.8417208790
0.0056234133 177.8279410039 0.5001222090
0.0056234133 316.2277660168 -0.0000000000
0.0056234133 562.3413251903 -0.0000000000
0.0056234133 1000.0000000000 -0.0000000000
0.0100000000 0.0000100000 28.2862306110
0.0100000000 0.0000177828 28.2898374210
0.0100000000 0.0000316228 28.2962341940
0.0100000000 0.0000562341 28.3075554250
0.0100000000 0.0001000000 28.3275180680
0.0100000000 0.0001778279 28.3557846870
0.0100000000 0.0003162278 28.4091800830
0.0100000000 0.0005623413 28.5044761320
0.0100000000 0.0010000000 28.6563614630
0.0100000000 0.0017782794 28.8900486870
0.0100000000 0.0031622777 29.2417732050
0.0100000000 0.0056234133 29.5043171140
0.0100000000 0.0100000000 29.1236815820
0.0100000000 0.0177827941 28.7490390700
0.0100000000 0.0316227766 26.5017534610
0.0100000000 0.0562341325 26.2240435600
0.0100000000 0.1000000000 25.7332899640
0.0100000000 0.1778279410 23.8947892750
0.0100000000 0.3162277660 17.9347151590
0.0100000000 0.5623413252 14.0527218470
0.0100000000 1.0000000000 10.4121439700
0.0100000000 1.7782794100 7.1318474750
0.0100000000 3.1622776602 4.6395328210
0.0100000000 5.6234132519 3.0379425300
0.0100000000 10.0000000000 2.1000170340
0.0100000000 17.7827941004 1.6261572910
0.0100000000 31.6227766017 1.3177798340
0.0100000000 56.2341325190 1.0852389860
0.0100000000 100.0000000000 0.8613595720
0.0100000000 177.8279410039 0.4983553310
0.0100000000 316.2277660168 -0.0000000000
0.0100000000 562.3413251903 -0.0000000000
0.0100000000 1000.0000000000 -0.0000000000
0.0177827941 0.0000100000 28.5527799530
0.0177827941 0.0000177828 28.5549858400
0.0177827941 0.0000316228 28.5589023960
0.0177827941 0.0000562341 28.5658477900
0.0177827941 0.0001000000 28.5781376940
0.0177827941 0.0001778279 28.5998011030
0.0177827941 0.0003162278 28.6377272680
0.0177827941 0.0005623413 28.6955999060
0.0177827941 0.0010000000 28.7982257550
0.0177827941 0.0017782794 28.9713427170
0.0177827941 0.0031622777 29.2345330940
0.0177827941 0.0056234133 29.6181611590
0.0177827941 0.0100000000 29.8727728130
0.0177827941 0.0177827941 29.5009849260
0.0177827941 0.0316227766 29.0488536410
0.0177827941 0.0562341325 26.8381263650
0.0177827941 0.1000000000 26.6848280360
0.0177827941 0.1778279410 25.8470001600
0.0177827941 0.3162277660 22.8758522030
0.0177827941 0.5623413252 18.2704672500
0.0177827941 1.0000000000 14.5847428310
0.0177827941 1.7782794100 10.6367757530
0.0177827941 3.1622776602 7.2793343840
0.0177827941 5.6234132519 4.5862314690
0.0177827941 10.0000000000 3.0059695190
0.0177827941 17.7827941004 2.0332453920
0.0177827941 31.6227766017 1.5497792760
0.0177827941 56.2341325190 1.1936242950
0.0177827941 100.0000000000 0.8921652180
0.0177827941 177.8279410039 0.4951199920
0.0177827941 316.2277660168 -0.0000000000
0.0177827941 562.3413251903 -0.0000000000
0.0177827941 1000.0000000000 -0.0000000000
0.0316227766 0.0000100000 28.8622259990
0.0316227766 0.0000177828 28.8636009810
0.0316227766 0.0000316228 28.8660438980
0.0316227766 0.0000562341 28.8703811830
0.0316227766 0.0001000000 28.8780723060
0.0316227766 0.0001778279 28.8916806830
0.0316227766 0.0003162278 28.9156650630
0.0316227766 0.0005623413 28.9576473510
0.0316227766 0.0010000000 29.0224824270
0.0316227766 0.0017782794 29.1363362270
0.0316227766 0.0031622777 29.3273175820
0.0316227766 0.0056234133 29.6471322340
0.0316227766 0.0100000000 30.0572325110
0.0316227766 0.0177827941 29.7460558000
0.0316227766 0.0316227766 30.0127741140
0.0316227766 0.0562341325 29.4248944160
0.0316227766 0.1000000000 27.4990372290
0.0316227766 0.1778279410 27.0488837430
0.0316227766 0.3162277660 25.4108145560
0.0316227766 0.5623413252 21.7944287940
0.0316227766 1.0000000000 18.2231953010
0.0316227766 1.7782794100 14.6092151710
0.0316227766 3.1622776602 10.5476938280
0.0316227766 5.6234132519 7.0839793530
0.0316227766 10.0000000000 4.4644596660
0.0316227766 17.7827941004 2.8537172930
0.0316227766 31.6227766017 1.8883894380
0.0316227766 56.2341325190 1.3523932990
0.0316227766 100.0000000000 0.9364398780
0.0316227766 177.8279410039 0.4891747840
0.0316227766 316.2277660168 -0.0000000000
0.0316227766 562.3413251903 -0.0000000000
0.0316227766 1000.0000000000 -0.0000000000
0.0562341325 0.0000100000 29.2264861080
0.0562341325 0.0000177828 29.2273696510
0.0562341325 0.0000316228 29.2289400790
0.0562341325 0.0000562341 29.2317303440
0.0562341325 0.0001000000 29.2366846560
0.0562341325 0.0001778279 29.2454709910
0.0562341325 0.0003162278 29.2610207280
0.0562341325 0.0005623413 29.2813666750
0.0562341325 0.0010000000 29.3295084690
0.0562341325 0.0017782794 29.4128353280
0.0562341325 0.0031622777 29.5453802710
0.0562341325 0.0056234133 29.7791161490
0.0562341325 0.0100000000 30.1301896490
0.0562341325 0.0177827941 30.5782525590
0.0562341325 0.0316227766 30.3749941200
0.0562341325 0.0562341325 30.6067084270
0.0562341325 0.1000000000 30.1221664720
0.0562341325 0.1778279410 27.9834495500
0.0562341325 0.3162277660 27.1348032530
0.0562341325 0.5623413252 25.0270106490
0.0562341325 1.0000000000 22.1816954710
0.0562341325 1.7782794100 18.0755860370
0.0562341325 3.1622776602 14.1289118970
0.0562341325 5.6234132519 10.1512484870
0.0562341325 10.0000000000 6.6974041910
0.0562341325 17.7827941004 4.1005881130
0.0562341325 31.6227766017 2.4487652360
0.0562341325 56.2341325190 1.5609734770
0.0562341325 100.0000000000 0.9908584570
0.0562341325 177.8279410039 0.4780809140
0.0562341325 316.2277660168 -0.0000000000
0.0562341325 562.3413251903 -0.0000000000
0.0562341325 1000.0000000000 -0.0000000000
0.1000000000 0.0000100000 29.6451975980
0.1000000000 0.0000177828 29.6457879990
0.1000000000 0.0000316228 29.6468376400
0.1000000000 0.0000562341 29.6487033830
0.1000000000 0.0001000000 29.6520186340
0.1000000000 0.0001778279 29.6579059990
0.1000000000 0.0003162278 29.6683499520
0.1000000000 0.0005623413 29.6868425000
0.1000000000 0.0010000000 29.7121155130
0.1000000000 0.0017782794 29.7693523960
0.1000000000 0.0031622777 29.8686889250
0.1000000000 0.0056234133 30.0382142370
0.1000000000 0.0100000000 30.3180284420
0.1000000000 0.0177827941 30.7292450060
0.1000000000 0.0316227766 31.2146453240
0.1000000000 0.0562341325 31.1588877560
0.1000000000 0.1000000000 31.3146740480
0.1000000000 0.1778279410 28.6596729280
0.1000000000 0.3162277660 28.1743194400
0.1000000000 0.5623413252 26.7510622390
0.1000000000 1.0000000000 24.0129033770
0.1000000000 1.7782794100 21.9289040310
0.1000000000 3.1622776602 18.0907881170
0.1000000000 5.6234132519 13.7081486090
0.1000000000 10.0000000000 9.4369107710
0.1000000000 17.7827941004 5.8781502870
0.1000000000 31.6227766017 3.3321838730
0.1000000000 56.2341325190 1.8800036130
0.1000000000 100.0000000000 1.0754678810
0.1000000000 177.8279410039 0.4568298420
0.1000000000 316.2277660168 -0.0000000000
0.1000000000 562.3413251903 -0.0000000000
0.1000000000 1000.0000000000 -0.0000000000
0.1778279410 0.0000100000 30.0716144690
0.1778279410 0.0000177828 30.0720190000
0.1778279410 0.0000316228 30.0727382780
0.1778279410 0.0000562341 30.0740170690
0.1778279410 0.0001000000 30.0762902100
0.1778279410 0.0001778279 30.0803296210
0.1778279410 0.0003162278 30.0875037530
0.1778279410 0.0005623413 30.1002326770
0.1778279410 0.0010000000 30.1227774690
0.1778279410 0.0017782794 30.1625804090
0.1778279410 0.0031622777 30.2324408620
0.1778279410 0.0056234133 30.3536696690
0.1778279410 0.0100000000 30.5590644790
0.1778279410 0.0177827941 30.8758947740
0.1778279410 0.0316227766 31.3308305340
0.1778279410 0.0562341325 31.8464640140
0.1778279410 0.1000000000 31.8459592810
0.1778279410 0.1778279410 31.8439989510
0.1778279410 0.3162277660 28.7079211330
0.1778279410 0.5623413252 27.7483478250
0.1778279410 1.0000000000 25.6898507830
0.1778279410 1.7782794100 23.0183150950
0.1778279410 3.1622776602 20.1305158610
0.1778279410 5.6234132519 18.8665007320
0.1778279410 10.0000000000 12.3478885830
0.1778279410 17.7827941004 8.0511447490
0.1778279410 31.6227766017 4.6139952640
0.1778279410 56.2341325190 2.3298554600
0.1778279410 100.0000000000 1.1493621090
0.1778279410 177.8279410039 0.4178457990
0.1778279410 316.2277660168 -0.0000000000
0.1778279410 562.3413251903 -0.0000000000
0.1778279410 1000.0000000000 -0.0000000000
0.3162277660 0.0000100000 30.6715675260
0.3162277660 0.0000177828 30.6718465720
0.3162277660 0.0000316228 30.6723427340
0.3162277660 0.0000562341 30.6732248660
0.3162277660 0.0001000000 30.6747929640
0.3162277660 0.0001778279 30.6775796470
0.3162277660 0.0003162278 30.6825293530
0.3162277660 0.0005623413 30.6913129760
0.3162277660 0.0010000000 30.7068746740
0.3162277660 0.0017782794 30.7343640190
0.3162277660 0.0031622777 30.7826665450
0.3162277660 0.0056234133 30.8667279660
0.3162277660 0.0100000000 31.0059347340
0.3162277660 0.0177827941 31.2416344640
0.3162277660 0.0316227766 31.2693262610
0.3162277660 0.0562341325 31.6578916480
0.3162277660 0.1000000000 31.8206520800
0.3162277660 0.1778279410 32.0668189200
0.3162277660 0.3162277660 28.7348234630
0.3162277660 0.5623413252 28.1102682590
0.3162277660 1.0000000000 26.5701049490
0.3162277660 1.7782794100 25.0597239080
0.3162277660 3.1622776602 24.6056677360
0.3162277660 5.6234132519 18.6611043310
0.3162277660 10.0000000000 14.5734019580
0.3162277660 17.7827941004 10.4734579460
0.3162277660 31.6227766017 6.2403869200
0.3162277660 56.2341325190 2.8971815830
0.3162277660 100.0000000000 1.1812166710
0.3162277660 177.8279410039 0.3690682490
0.3162277660 316.2277660168 -0.0000000000
0.3162277660 562.3413251903 -0.0000000000
0.3162277660 1000.0000000000 -0.0000000000
0.5623413252 0.0000100000 29.8712465320
0.5623413252 0.0000177828 29.8713991510
0.5623413252 0.0000316228 29.8716705300
0.5623413252 0.0000562341 29.8721530520
0.5623413252 0.0001000000 29.8730109050
0.5623413252 0.0001778279 29.8745357560
0.5623413252 0.0003162278 29.8772453060
0.5623413252 0.0005623413 29.8820571240
0.5623413252 0.0010000000 29.8905932540
0.5623413252 0.0017782794 29.9057076030
0.5623413252 0.0031622777 29.9323784920
0.5623413252 0.0056234133 29.9791526440
0.5623413252 0.0100000000 30.0602638430
0.5623413252 0.0177827941 27.5565901700
0.5623413252 0.0316227766 27.2754802460
0.5623413252 0.0562341325 30.7618116130
0.5623413252 0.1000000000 31.1549564450
0.5623413252 0.1778279410 31.4140741210
0.5623413252 0.3162277660 31.2942397130
0.5623413252 0.5623413252 28.0702626000
0.5623413252 1.0000000000 23.0733798010
0.5623413252 1.7782794100 23.7137165350
0.5623413252 3.1622776602 22.5600790480
0.5623413252 5.6234132519 19.0746904320
0.5623413252 10.0000000000 19.0106062390
0.5623413252 17.7827941004 13.7979912370
0.5623413252 31.6227766017 7.7257578530
0.5623413252 56.2341325190 3.6378882180
0.5623413252 100.0000000000 1.2277216290
0.5623413252 177.8279410039 0.3019675040
0.5623413252 316.2277660168 -0.0000000000
0.5623413252 562.3413251903 -0.0000000000
0.5623413252 1000.0000000000 -0.0000000000
1.0000000000 0.0000100000 26.1209050880
1.0000000000 0.0000177828 26.1209375420
1.0000000000 0.0000316228 26.1209952520
1.0000000000 0.0000562341 26.1210978640
1.0000000000 0.0001000000 26.1212803000
1.0000000000 0.0001778279 26.1216046020
1.0000000000 0.0003162278 26.1221809250
1.0000000000 0.0005623413 26.1232045950
1.0000000000 0.0010000000 26.1250211920
1.0000000000 0.0017782794 26.1282396500
1.0000000000 0.0031622777 26.1339250440
1.0000000000 0.0056234133 29.5353302340
1.0000000000 0.0100000000 29.5728900740
1.0000000000 0.0177827941 29.6361886460
1.0000000000 0.0316227766 29.7864920670
1.0000000000 0.0562341325 28.9761710990
1.0000000000 0.1000000000 30.0307193200
1.0000000000 0.1778279410 27.6971368000
1.0000000000 0.3162277660 27.7574104740
1.0000000000 0.5623413252 29.7121187090
1.0000000000 1.0000000000 28.8266830410
1.0000000000 1.7782794100 27.1775673310
1.0000000000 3.1622776602 21.3577944450
1.0000000000 5.6234132519 20.0291652770
1.0000000000 10.0000000000 20.2964625100
1.0000000000 17.7827941004 12.8802855720
1.0000000000 31.6227766017 8.8536379950
1.0000000000 56.2341325190 4.4484058770
1.0000000000 100.0000000000 1.2010373270
1.0000000000 177.8279410039 0.2406322430
1.0000000000 316.2277660168 -0.0000000000
1.0000000000 562.3413251903 -0.0000000000
1.0000000000 1000.0000000000 -0.0000000000
1.7782794100 0.0000100000 28.0739911900
1.7782794100 0.0000177828 28.0740172700
1.7782794100 0.0000316228 28.0740636420
1.7782794100 0.0000562341 28.0741460860
1.7782794100 0.0001000000 28.0742926430
1.7782794100 0.0001778279 28.0745530930
1.7782794100 0.0003162278 28.0750157100
1.7782794100 0.0005623413 28.0758366780
1.7782794100 0.0010000000 28.0772912100
1.7782794100 0.0017782794 28.0798606510
1.7782794100 0.0031622777 28.0843750610
1.7782794100 0.0056234133 28.0922261420
1.7782794100 0.0100000000 28.1056083310
1.7782794100 0.0177827941 18.9233826270
1.7782794100 0.0316227766 28.2784061510
1.7782794100 0.0562341325 28.3343863820
1.7782794100 0.1000000000 27.3519895710
1.7782794100 0.1778279410 27.4368845460
1.7782794100 0.3162277660 28.4531769880
1.7782794100 0.5623413252 19.9350957390
1.7782794100 1.0000000000 23.8504207110
1.7782794100 1.7782794100 22.7578313320
1.7782794100 3.1622776602 23.2853074250
1.7782794100 5.6234132519 20.4182358000
1.7782794100 10.0000000000 15.6511610720
1.7782794100 17.7827941004 13.5262057430
1.7782794100 31.6227766017 9.6285423840
1.7782794100 56.2341325190 5.0693547530
1.7782794100 100.0000000000 1.1991421820
1.7782794100 177.8279410039 0.1592558780
1.7782794100 316.2277660168 -0.0000000000
1.7782794100 562.3413251903 -0.0000000000
1.7782794100 1000.0000000000 -0.0000000000
3.1622776602 0.0000100000 26.7487737750
3.1622776602 0.0000177828 26.7487849960
3.1622776602 0.0000316228 26.7488049470
3.1622776602 0.0000562341 26.7488404180
3.1622776602 0.0001000000 26.7489034700
3.1622776602 0.0001778279 26.7490155100
3.1622776602 0.0003162278 26.7492144900
3.1622776602 0.0005623413 26.7495675070
3.1622776602 0.0010000000 26.7501926540
3.1622776602 0.0017782794 26.7512960390
3.1622776602 0.0031622777 26.7532317390
3.1622776602 0.0056234133 26.7565897420
3.1622776602 0.0100000000 26.7622951480
3.1622776602 0.0177827941 26.7716485660
3.1622776602 0.0316227766 26.7863612120
3.1622776602 0.0562341325 26.8075071450
3.1622776602 0.1000000000 25.6362697160
3.1622776602 0.1778279410 26.3487807490
3.1622776602 0.3162277660 25.7214413290
3.1622776602 0.5623413252 26.5206456340
3.1622776602 1.0000000000 22.8176280430
3.1622776602 1.7782794100 21.9511029670
3.1622776602 3.1622776602 20.5769006320
3.1622776602 5.6234132519 18.4936236940
3.1622776602 10.0000000000 20.4267186890
3.1622776602 17.7827941004 13.9490852360
3.1622776602 31.6227766017 10.1739758700
3.1622776602 56.2341325190 5.4738724800
3.1622776602 100.0000000000 1.2024831640
3.1622776602 177.8279410039 0.0965275480
3.1622776602 316.2277660168 -0.0000000000
3.1622776602 562.3413251903 -0.0000000000
3.1622776602 1000.0000000000 -0.0000000000
5.6234132519 0.0000100000 24.9192133740
5.6234132519 0.0000177828 24.9192141690
5.6234132519 0.0000316228 24.9192155810
5.6234132519 0.0000562341 24.9192180920
5.6234132519 0.0001000000 24.9192225490
5.6234132519 0.0001778279 24.9192304530
5.6234132519 0.0003162278 24.9192444420
5.6234132519 0.0005623413 24.9192691060
5.6234132519 0.0010000000 24.9193123100
5.6234132519 0.0017782794 24.9193871450
5.6234132519 0.0031622777 24.9195143500
5.6234132519 0.0056234133 24.9197242770
5.6234132519 0.0100000000 24.9200574830
5.6234132519 0.0177827941 25.0741088910
5.6234132519 0.0316227766 25.0799039230
5.6234132519 0.0562341325 24.7758936810
5.6234132519 0.1000000000 22.5674273470
5.6234132519 0.1778279410 24.9932167240
5.6234132519 0.3162277660 24.8277156380
5.6234132519 0.5623413252 24.6821672020
5.6234132519 1.0000000000 23.9165236140
5.6234132519 1.7782794100 23.7862793430
5.6234132519 3.1622776602 22.3100620240
5.6234132519 5.6234132519 20.3081886760
5.6234132519 10.0000000000 20.0748972210
5.6234132519 17.7827941004 14.5923503590
5.6234132519 31.6227766017 10.2720511910
5.6234132519 56.2341325190 6.6456656300
5.6234132519 100.0000000000 1.2200416910
5.6234132519 177.8279410039 0.0647392400
5.6234132519 316.2277660168 -0.0000000000
5.6234132519 562.3413251903 -0.0000000000
5.6234132519 1000.0000000000 -0.0000000000
10.0000000000 0.0000100000 23.5584437520
10.0000000000 0.0000177828 23.5584436590
10.0000000000 0.0000316228 23.5584434930
10.0000000000 0.0000562341 23.5584431960
10.0000000000 0.0001000000 23.5584426630
10.0000000000 0.0001778279 23.5584417000
10.0000000000 0.0003162278 23.5584399370
10.0000000000 0.0005623413 23.5584366440
10.0000000000 0.0010000000 23.5584302920
10.0000000000 0.0017782794 23.5584174370
10.0000000000 0.0031622777 23.5583897290
10.0000000000 0.0056234133 23.5583259180
10.0000000000 0.0100000000 23.5581735030
10.0000000000 0.0177827941 22.5594074450
10.0000000000 0.0316227766 23.5088093870
10.0000000000 0.0562341325 23.6082815120
10.0000000000 0.1000000000 23.5479003300
10.0000000000 0.1778279410 23.4771125580
10.0000000000 0.3162277660 23.4786605960
10.0000000000 0.5623413252 23.3819219690
10.0000000000 1.0000000000 22.7339020010
10.0000000000 1.7782794100 22.7622583690
10.0000000000 3.1622776602 21.1417738720
10.0000000000 5.6234132519 17.8041708740
10.0000000000 10.0000000000 15.5138454240
10.0000000000 17.7827941004 12.9448288570
10.0000000000 31.6227766017 10.6390076340
10.0000000000 56.2341325190 5.9991710520
10.0000000000 100.0000000000 1.2714879530
10.0000000000 177.8279410039 0.0284839000
10.0000000000 316.2277660168 -0.0000000000
10.0000000000 562.3413251903 -0.0000000000
10.0000000000 1000.0000000000 -0.0000000000
17.7827941004 0.0000100000 21.3920065820
17.7827941004 0.0000177828 21.3920087220
17.7827941004 0.0000316228 21.3920125260
17.7827941004 0.0000562341 21.3920192910
17.7827941004 0.0001000000 21.3920313190
17.7827941004 0.0001778279 21.3920527050
17.7827941004 0.0003162278 21.3920907190
17.7827941004 0.0005623413 21.3921582730
17.7827941004 0.0010000000 21.3922782560
17.7827941004 0.0017782794 21.3924911400
17.7827941004 0.0031622777 21.3928681240
17.7827941004 0.0056234133 21.3935330730
17.7827941004 0.0100000000 21.3946957030
17.7827941004 0.0177827941 21.3966844020
17.7827941004 0.0316227766 22.0582990470
17.7827941004 0.0562341325 22.0711724020
17.7827941004 0.1000000000 22.2797058240
17.7827941004 0.1778279410 22.2278651710
17.7827941004 0.3162277660 22.1919263430
17.7827941004 0.5623413252 22.1206602870
17.7827941004 1.0000000000 21.9744823350
17.7827941004 1.7782794100 21.7077671650
17.7827941004 3.1622776602 21.2806607300
17.7827941004 5.6234132519 17.4052684910
17.7827941004 10.0000000000 17.4086417260
17.7827941004 17.7827941004 14.4765838800
17.7827941004 31.6227766017 10.7360433840
17.7827941004 56.2341325190 6.1078990660
17.7827941004 100.0000000000 1.3221707280
17.7827941004 177.8279410039 0.0119292150
17.7827941004 316.2277660168 -0.0000000000
17.7827941004 562.3413251903 -0.0000000000
17.7827941004 1000.0000000000 -0.0000000000
31.6227766017 0.0000100000 21.1762392720
31.6227766017 0.0000177828 21.1762372200
31.6227766017 0.0000316228 21.1762335720
31.6227766017 0.0000562341 21.1762270840
31.6227766017 0.0001000000 21.1762155480
31.6227766017 0.0001778279 21.1761950360
31.6227766017 0.0003162278 21.1761585670
31.6227766017 0.0005623413 21.1760937380
31.6227766017 0.0010000000 21.1759785250
31.6227766017 0.0017782794 21.1757738900
31.6227766017 0.0031622777 20.4860440850
31.6227766017 0.0056234133 20.4864745660
31.6227766017 0.0100000000 21.1482390050
31.6227766017 0.0177827941 21.0079777200
31.6227766017 0.0316227766 20.9979525790
31.6227766017 0.0562341325 21.0089507500
31.6227766017 0.1000000000 21.2196921860
31.6227766017 0.1778279410 21.0089049910
31.6227766017 0.3162277660 21.1646795500
31.6227766017 0.5623413252 21.1098001800
31.6227766017 1.0000000000 20.5935024070
31.6227766017 1.7782794100 20.2542382900
31.6227766017 3.1622776602 20.5229696740
31.6227766017 5.6234132519 19.9561658600
31.6227766017 10.0000000000 17.2549940650
31.6227766017 17.7827941004 12.8684021180
31.6227766017 31.6227766017 13.3996895010
31.6227766017 56.2341325190 6.1921556020
31.6227766017 100.0000000000 1.3593002500
31.6227766017 177.8279410039 0.0125310590
31.6227766017 316.2277660168 -0.0000000000
31.6227766017 562.3413251903 -0.0000000000
31.6227766017 1000.0000000000 -0.0000000000
56.2341325190 0.0000100000 20.3420643280
56.2341325190 0.0000177828 20.3420634650
56.2341325190 0.0000316228 20.3420619320
56.2341325190 0.0000562341 20.3420592050
56.2341325190 0.0001000000 20.3420543560
56.2341325190 0.0001778279 20.3420457350
56.2341325190 0.0003162278 20.3420304120
56.2341325190 0.0005623413 20.3420031830
56.2341325190 0.0010000000 20.3419548290
56.2341325190 0.0017782794 20.3418690520
56.2341325190 0.0031622777 20.3417171890
56.2341325190 0.0056234133 20.3414492970
56.2341325190 0.0100000000 20.3464545390
56.2341325190 0.0177827941 20.1358130460
56.2341325190 0.0316227766 20.1319733660
56.2341325190 0.0562341325 20.1585276140
56.2341325190 0.1000000000 20.2956827190
56.2341325190 0.1778279410 15.8866587580
56.2341325190 0.3162277660 20.1584882660
56.2341325190 0.5623413252 18.8306789110
56.2341325190 1.0000000000 19.8222444490
56.2341325190 1.7782794100 20.0187590860
56.2341325190 3.1622776602 16.9494926940
56.2341325190 5.6234132519 18.7954824060
56.2341325190 10.0000000000 17.0993166940
56.2341325190 17.7827941004 12.8123370750
56.2341325190 31.6227766017 9.6530567480
56.2341325190 56.2341325190 7.3138799910
56.2341325190 100.0000000000 1.3850024270
56.2341325190 177.8279410039 0.0106032180
56.2341325190 316.2277660168 -0.0000000000
56.2341325190 562.3413251903 -0.0000000000
56.2341325190 1000.0000000000 -0.0000000000
100.0000000000 0.0000100000 19.4940536960
100.0000000000 0.0000177828 19.4940518630
100.0000000000 0.0000316228 19.4940486040
100.0000000000 0.0000562341 19.4940428070
100.0000000000 0.0001000000 19.4940324980
100.0000000000 0.0001778279 19.4940141640
100.0000000000 0.0003162278 19.4939815550
100.0000000000 0.0005623413 19.4939235470
100.0000000000 0.0010000000 19.4938203350
100.0000000000 0.0017782794 19.4936366120
100.0000000000 0.0031622777 19.4933093480
100.0000000000 0.0056234133 19.4927257690
100.0000000000 0.0100000000 19.4916835280
100.0000000000 0.0177827941 19.6852408210
100.0000000000 0.0316227766 19.6858093270
100.0000000000 0.0562341325 19.6817839490
100.0000000000 0.1000000000 19.0916036710
100.0000000000 0.1778279410 19.6049190860
100.0000000000 0.3162277660 19.6014569310
100.0000000000 0.5623413252 19.5921348720
100.0000000000 1.0000000000 19.2335514150
100.0000000000 1.7782794100 19.4599761920
100.0000000000 3.1622776602 19.3013933930
100.0000000000 5.6234132519 19.0814633580
100.0000000000 10.0000000000 18.0563714720
100.0000000000 17.7827941004 14.5505628980
100.0000000000 31.6227766017 13.5310153270
100.0000000000 56.2341325190 6.2375118500
100.0000000000 100.0000000000 1.3981540350
100.0000000000 177.8279410039 0.0038873290
100.0000000000 316.2277660168 -0.0000000000
100.0000000000 562.3413251903 -0.0000000000
100.0000000000 1000.0000000000 -0.0000000000
