1   0.755536198616028
2   0.753422498703003
3   0.752330780029297
4   0.749943912029266
5   0.745572149753571
6   0.743644833564758
7   0.742078840732574
8   0.741037607192993
9   0.738300681114197
10  0.733453631401062
11  0.731144189834595
12  0.727907717227936
13  0.726540088653564
14  0.724320769309998
15  0.721571326255798
16  0.717337846755981
17  0.715156137943268
18  0.713791251182556
19  0.711867690086365
20  0.709124863147736
21  0.705321967601776
22  0.700952231884003
23  0.697385728359222
24  0.692022383213043
25  0.6882483959198
26  0.686954498291016
27  0.686905145645142
28  0.685072839260101
29  0.682328879833221
30  0.679450452327728
31  0.677130818367004
32  0.675867855548859
33  0.672700524330139
34  0.670106410980225
35  0.668276906013489
36  0.666255414485931
37  0.663209080696106
38  0.660931825637817
39  0.656400501728058
40  0.650203466415405
41  0.647916734218597
42  0.64229279756546
43  0.635380208492279
44  0.629617810249329
45  0.623334228992462
46  0.61842006444931
47  0.612802565097809
48  0.607405364513397
49  0.60305380821228
50  0.600097358226776
51  0.596514344215393
52  0.592793762683868
53  0.589707255363464
54  0.587619602680206
55  0.584645748138428
56  0.581270456314087
57  0.577349781990051
58  0.575842499732971
59  0.574170172214508
60  0.572228252887726
61  0.568946003913879
62  0.567129194736481
63  0.56364232301712
64  0.561267912387848
65  0.557817280292511
66  0.555240869522095
67  0.553229570388794
68  0.550977647304535
69  0.548888862133026
70  0.545438587665558
71  0.542556047439575
72  0.53880387544632
73  0.536383748054504
74  0.534442365169525
75  0.5316241979599
76  0.527798593044281
77  0.525181412696838
78  0.522291839122772
79  0.520025372505188
80  0.517788112163544
81  0.514213621616364
82  0.511544167995453
83  0.507792532444
84  0.504127860069275
85  0.501655876636505
86  0.498678296804428
87  0.495436668395996
88  0.492561608552933
89  0.489313840866089
90  0.485579550266266
91  0.482500314712524
92  0.47930634021759
93  0.475980550050735
94  0.472957253456116
95  0.470865517854691
96  0.46808585524559
97  0.46535912156105
98  0.461835354566574
99  0.457609266042709
100 0.453146070241928
101 0.452313184738159
102 0.451730042695999
103 0.449520856142044
104 0.447308719158173
105 0.443915039300919
106 0.442396014928818
107 0.439547538757324
108 0.437038064002991
109 0.434942603111267
110 0.434042364358902
111 0.432576477527618
112 0.429572552442551
113 0.42655998468399
114 0.424439311027527
115 0.422063112258911
116 0.419804692268372
117 0.417662680149078
118 0.415019690990448
119 0.413148999214172
120 0.411128789186478
121 0.408636212348938
122 0.406332820653915
123 0.404029846191406
124 0.400843799114227
125 0.398169189691544
126 0.396193265914917
127 0.394594758749008
128 0.392827093601227
129 0.391379237174988
130 0.390082597732544
131 0.38840639591217
132 0.386723875999451
133 0.385064691305161
134 0.383300125598907
135 0.381022691726685
136 0.379107415676117
137 0.377961277961731
138 0.374411374330521
139 0.37232831120491
140 0.370648205280304
141 0.368718385696411
142 0.367037177085876
143 0.36518332362175
144 0.362672030925751
145 0.360843449831009
146 0.359519362449646
147 0.357168078422546
148 0.355732381343842
149 0.354148775339127
150 0.352590769529343
151 0.350549876689911
152 0.34866663813591
153 0.346321642398834
154 0.344730466604233
155 0.343877822160721
156 0.342872798442841
157 0.341494202613831
158 0.33954194188118
159 0.33824035525322
160 0.336765110492706
161 0.335532963275909
162 0.334211677312851
163 0.332871109247208
164 0.331655532121658
165 0.328732132911682
166 0.326622188091278
167 0.324777841567993
168 0.323245346546173
169 0.321969747543335
170 0.320455253124237
171 0.319827228784561
172 0.31791964173317
173 0.315548777580261
174 0.315143525600433
175 0.313239455223083
176 0.310867577791214
177 0.309996068477631
178 0.308996587991714
179 0.308907091617584
180 0.308294773101807
181 0.306806951761246
182 0.305429220199585
183 0.304075539112091
184 0.301700264215469
185 0.300673067569733
186 0.299305707216263
187 0.298835456371307
188 0.297891736030579
189 0.296933531761169
190 0.295470416545868
191 0.294677734375
192 0.293884515762329
193 0.292697012424469
194 0.291649907827377
195 0.291532188653946
196 0.290709316730499
197 0.289604485034943
198 0.289264261722565
199 0.28821724653244
200 0.286559671163559
201 0.284379750490189
202 0.283410936594009
203 0.281770586967468
204 0.281005471944809
205 0.280693888664246
206 0.280893743038177
207 0.281735837459564
208 0.283664166927338
209 0.288380831480026
210 0.296249210834503
211 0.307163864374161
212 0.321551650762558
213 0.336911141872406
214 0.350377589464188
215 0.359291434288025
216 0.366354703903198
217 0.372416645288467
218 0.377824455499649
219 0.380758345127106
220 0.381168901920319
221 0.380712687969208
222 0.380050182342529
223 0.385114043951035
224 0.3917256295681
225 0.399453073740005
226 0.407631605863571
227 0.413464367389679
228 0.416919976472855
229 0.419475793838501
230 0.422051519155502
231 0.425245404243469
232 0.426894217729568
233 0.428601622581482
234 0.429345667362213
235 0.42897829413414
236 0.428117543458939
237 0.427105069160461
238 0.426678895950317
239 0.426963120698929
240 0.425973743200302
241 0.424902975559235
242 0.42458787560463
243 0.422890156507492
244 0.41987532377243
245 0.418134301900864
246 0.415199756622314
247 0.413078904151917
248 0.409263670444489
249 0.406567424535751
250 0.4037746489048
251 0.399349957704544
252 0.395255237817764
253 0.391314327716827
254 0.38748574256897
255 0.383541941642761
256 0.378908187150955
257 0.375605136156082
258 0.372358590364456
259 0.368515431880951
260 0.365097403526306
261 0.363099336624146
262 0.361199885606766
263 0.359601736068726
264 0.357356905937195
265 0.354692846536636
266 0.352959990501404
267 0.350953578948975
268 0.348521322011948
269 0.347165048122406
270 0.345923811197281
271 0.344434499740601
272 0.343948900699615
273 0.343341678380966
274 0.342364549636841
275 0.342005610466003
276 0.342034697532654
277 0.340277045965195
278 0.340036749839783
279 0.338953763246536
280 0.337443858385086
281 0.33714759349823
282 0.337433248758316
283 0.336599171161652
284 0.33550164103508
285 0.334597706794739
286 0.333895832300186
287 0.33237636089325
288 0.331062108278275
289 0.3308345079422
290 0.329003989696503
291 0.327865421772003
292 0.327572017908096
293 0.326675832271576
294 0.326376706361771
295 0.325343042612076
296 0.324763298034668
297 0.323162645101547
298 0.322649985551834
299 0.320876210927963
300 0.318938732147217
301 0.31639689207077
302 0.31409552693367
303 0.314411848783493
304 0.313370615243912
305 0.311574071645737
306 0.311566323041916
307 0.309961020946503
308 0.309192299842834
309 0.307739645242691
310 0.306283295154572
311 0.30478310585022
312 0.303492218255997
313 0.301422894001007
314 0.300288945436478
315 0.298719644546509
316 0.298204839229584
317 0.297442644834518
318 0.296941041946411
319 0.295646786689758
320 0.294735729694366
321 0.294726550579071
322 0.293512493371964
323 0.2923883497715
324 0.291006177663803
325 0.289791345596313
326 0.289115905761719
327 0.288025617599487
328 0.287629961967468
329 0.286707371473312
330 0.28625676035881
331 0.285895138978958
332 0.285836786031723
333 0.286651372909546
334 0.290192306041718
335 0.296896606683731
336 0.308577358722687
337 0.327079445123672
338 0.35089048743248
339 0.374424189329147
340 0.382299542427063
341 0.362907439470291
342 0.339227378368378
343 0.338549613952637
344 0.359551966190338
345 0.388696879148483
346 0.407086610794067
347 0.394912451505661
348 0.354759812355042
349 0.320921808481216
350 0.302690327167511
351 0.29351019859314
352 0.289258778095245
353 0.286720961332321
354 0.284554451704025
355 0.28317791223526
356 0.282266676425934
357 0.28073114156723
358 0.278940886259079
359 0.277182549238205
360 0.276546359062195
361 0.27590349316597
362 0.275858342647552
363 0.275881916284561
364 0.27626046538353
365 0.27564013004303
366 0.274080902338028
367 0.272917509078979
368 0.272915482521057
369 0.272681832313538
370 0.272496998310089
371 0.272159427404404
372 0.271705985069275
373 0.270188182592392
374 0.269110679626465
375 0.269206941127777
376 0.269508808851242
377 0.268740177154541
378 0.26772528886795
379 0.267237097024918
380 0.266899138689041
381 0.26616233587265
382 0.265158444643021
383 0.264905750751495
384 0.264948785305023
385 0.265253663063049
386 0.264170259237289
387 0.263024121522903
388 0.262629210948944
389 0.262398928403854
390 0.262220442295074
391 0.261658608913422
392 0.261618673801422
393 0.261326521635056
394 0.260599553585052
395 0.25965341925621
396 0.259168297052383
397 0.258147776126862
398 0.257508724927902
399 0.256171315908432
400 0.254329800605774
401 0.253045678138733
402 0.251148402690887
403 0.250008970499039
404 0.24962043762207
405 0.249078914523125
406 0.247363850474358
407 0.246740490198135
408 0.24640092253685
409 0.24531626701355
410 0.243639931082726
411 0.242857456207275
412 0.24139267206192
413 0.240858748555183
414 0.240878194570541
415 0.239875093102455
416 0.238495439291
417 0.237231001257896
418 0.235993847250938
419 0.234717756509781
420 0.23347681760788
421 0.232733130455017
422 0.231892585754395
423 0.230806693434715
424 0.229284077882767
425 0.22787943482399
426 0.228408589959145
427 0.229001432657242
428 0.228430613875389
429 0.226997837424278
430 0.226340964436531
431 0.225681349635124
432 0.225938886404037
433 0.225241124629974
434 0.225137487053871
435 0.224833860993385
436 0.225018158555031
437 0.226279079914093
438 0.226332873106003
439 0.225005060434341
440 0.223648488521576
441 0.221529483795166
442 0.220438539981842
443 0.219394236803055
444 0.218793973326683
445 0.218248948454857
446 0.217605575919151
447 0.216954171657562
448 0.216287657618523
449 0.215610504150391
450 0.215062007308006
451 0.214538216590881
452 0.213638663291931
453 0.212987065315247
454 0.212917312979698
455 0.212121918797493
456 0.211429461836815
457 0.211118370294571
458 0.210560038685799
459 0.209799110889435
460 0.209386855363846
461 0.208248540759087
462 0.207652047276497
463 0.206879138946533
464 0.205909386277199
465 0.206042930483818
466 0.205265507102013
467 0.204503878951073
468 0.20331734418869
469 0.202890053391457
470 0.202354371547699
471 0.20226825773716
472 0.20223131775856
473 0.201448112726212
474 0.200928017497063
475 0.200390666723251
476 0.19916670024395
477 0.198862850666046
478 0.197528630495071
479 0.19585283100605
480 0.195257782936096
481 0.194812208414078
482 0.194120585918427
483 0.193748950958252
484 0.193155184388161
485 0.192309901118279
486 0.191320046782494
487 0.189945340156555
488 0.18889969587326
489 0.188468754291534
490 0.187978267669678
491 0.188131615519524
492 0.187217429280281
493 0.186797648668289
494 0.186400339007378
495 0.186041295528412
496 0.18548221886158
497 0.184421390295029
498 0.183445394039154
499 0.182774975895882
500 0.182475939393044
501 0.181900411844254
502 0.181528806686401
503 0.180502325296402
504 0.179868564009666
505 0.178976744413376
506 0.178748473525047
507 0.178383499383926
508 0.178471058607101
509 0.17856927216053
510 0.178000897169113
511 0.177531138062477
512 0.176532238721848
513 0.176692992448807
514 0.177412763237953
515 0.176691547036171
516 0.175766244530678
517 0.175103202462196
518 0.175361290574074
519 0.173774495720863
520 0.172893896698952
521 0.171755135059357
522 0.170431673526764
523 0.169821798801422
524 0.169828563928604
525 0.169563293457031
526 0.169305428862572
527 0.168998122215271
528 0.168384671211243
529 0.167232990264893
530 0.166684001684189
531 0.166372761130333
532 0.166132971644402
533 0.165886551141739
534 0.165512055158615
535 0.165032505989075
536 0.164988532662392
537 0.165097400546074
538 0.164191648364067
539 0.162802129983902
540 0.161517292261124
541 0.161349326372147
542 0.161413267254829
543 0.160951912403107
544 0.160476341843605
545 0.160095527768135
546 0.159218311309814
547 0.158464193344116
548 0.158044993877411
549 0.157249629497528
550 0.156719401478767
551 0.156833380460739
552 0.156041398644447
553 0.15491384267807
554 0.15473560988903
555 0.15466034412384
556 0.154623508453369
557 0.154657572507858
558 0.154153510928154
559 0.153221771121025
560 0.152805209159851
561 0.152301922440529
562 0.151704609394073
563 0.151269614696503
564 0.150977984070778
565 0.150578916072845
566 0.150054961442947
567 0.149544388055801
568 0.149766877293587
569 0.149218365550041
570 0.148647010326385
571 0.147495165467262
572 0.147438138723373
573 0.146950453519821
574 0.146663039922714
575 0.145987659692764
576 0.145053073763847
577 0.14440344274044
578 0.143632024526596
579 0.143211603164673
580 0.142982810735703
581 0.143175482749939
582 0.143292620778084
583 0.142791420221329
584 0.142016008496284
585 0.140877246856689
586 0.140635341405869
587 0.14060877263546
588 0.140161946415901
589 0.140052691102028
590 0.139981344342232
591 0.13956044614315
592 0.139068320393562
593 0.138758584856987
594 0.137858375906944
595 0.137445703148842
596 0.136956408619881
597 0.137051075696945
598 0.1364656239748
599 0.136153310537338
600 0.136065989732742
601 0.135359734296799
602 0.135174468159676
603 0.134397819638252
604 0.134157955646515
605 0.133680686354637
606 0.133060693740845
607 0.13325072824955
608 0.132923692464828
609 0.132585927844048
610 0.131420791149139
611 0.13074654340744
612 0.130500674247742
613 0.130210295319557
614 0.129769831895828
615 0.129980310797691
616 0.129549652338028
617 0.128946289420128
618 0.1286361515522
619 0.127948895096779
620 0.127325937151909
621 0.127146050333977
622 0.126900225877762
623 0.126475125551224
624 0.125988081097603
625 0.125290676951408
626 0.124890811741352
627 0.124860480427742
628 0.123993866145611
629 0.123136267066002
630 0.122923724353313
631 0.122458606958389
632 0.121994666755199
633 0.12183890491724
634 0.121334254741669
635 0.121009565889835
636 0.12052109092474
637 0.120488069951534
638 0.120249643921852
639 0.119919769465923
640 0.119462385773659
641 0.119078658521175
642 0.118858277797699
643 0.118638508021832
644 0.118478454649448
645 0.118600487709045
646 0.118473596870899
647 0.118338957428932
648 0.117775201797485
649 0.11754185706377
650 0.116987094283104
651 0.11675600707531
652 0.116557970643044
653 0.115968689322472
654 0.115584924817085
655 0.11477468162775
656 0.114727824926376
657 0.114713132381439
658 0.114049553871155
659 0.113057114183903
660 0.112720794975758
661 0.112371847033501
662 0.112037904560566
663 0.111526601016521
664 0.111280187964439
665 0.110670782625675
666 0.110211201012135
667 0.109978504478931
668 0.109562799334526
669 0.109731987118721
670 0.10954474657774
671 0.108942210674286
672 0.108756147325039
673 0.108323603868484
674 0.108784377574921
675 0.108474597334862
676 0.108682096004486
677 0.107962489128113
678 0.107833333313465
679 0.107300966978073
680 0.106917232275009
681 0.106239125132561
682 0.105696700513363
683 0.105540610849857
684 0.105494983494282
685 0.105574518442154
686 0.105447493493557
687 0.105525396764278
688 0.105677962303162
689 0.106001563370228
690 0.107164405286312
691 0.109171226620674
692 0.111369028687477
693 0.112834386527538
694 0.113092057406902
695 0.113545641303062
696 0.114060834050179
697 0.115512706339359
698 0.117382615804672
699 0.118655331432819
700 0.120475150644779
701 0.12290582805872
702 0.125850826501846
703 0.128770157694817
704 0.13099330663681
705 0.132497757673264
706 0.132983684539795
707 0.133995890617371
708 0.13416862487793
709 0.133686006069183
710 0.132618695497513
711 0.130840003490448
712 0.128651484847069
713 0.126396775245667
714 0.124843806028366
715 0.123630315065384
716 0.122332170605659
717 0.12166441231966
718 0.121303535997868
719 0.120454169809818
720 0.119652315974236
721 0.11822709441185
722 0.117922984063625
723 0.117461703717709
724 0.116809420287609
725 0.116863243281841
726 0.115725509822369
727 0.114992164075375
728 0.115063637495041
729 0.114400409162045
730 0.113986268639565
731 0.113086931407452
732 0.113119646906853
733 0.11310338973999
734 0.112942457199097
735 0.112970426678658
736 0.113373696804047
737 0.113304018974304
738 0.113097995519638
739 0.112824879586697
740 0.112770691514015
741 0.113651648163795
742 0.114179603755474
743 0.11450506746769
744 0.114195592701435
745 0.114092074334621
746 0.11359516531229
747 0.112796045839787
748 0.112796559929848
749 0.112969622015953
750 0.113278195261955
751 0.112657360732555
752 0.112551674246788
753 0.112154848873615
754 0.111951120197773
755 0.111105225980282
756 0.110440894961357
757 0.109748229384422
758 0.109268724918365
759 0.109816484153271
760 0.10979987680912
761 0.109386868774891
762 0.108780056238174
763 0.108758807182312
764 0.108822546899319
765 0.108636051416397
766 0.108566589653492
767 0.108241595327854
768 0.107649080455303
769 0.106914684176445
770 0.106488257646561
771 0.106067232787609
772 0.105502799153328
773 0.105370253324509
774 0.105311587452888
775 0.104937076568604
776 0.10431981831789
777 0.104125335812569
778 0.103855207562447
779 0.103463038802147
780 0.103265963494778
781 0.103430487215519
782 0.103166222572327
783 0.102926187217236
784 0.102398671209812
785 0.101958349347115
786 0.101775653660297
787 0.101474493741989
788 0.10109107196331
789 0.100839421153069
790 0.100608333945274
791 0.100263826549053
792 0.0999989807605743
793 0.0997733995318413
794 0.0993336886167526
795 0.099019929766655
796 0.0988165512681007
797 0.0981306061148643
798 0.0982291772961617
799 0.0978692695498466
800 0.097749836742878
801 0.0974694937467575
802 0.0971798226237297
803 0.0970814749598503
804 0.0966585204005241
805 0.0966093987226486
806 0.0959019586443901
807 0.0960531607270241
808 0.0956918075680733
809 0.0954010635614395
810 0.095193475484848
811 0.0946578457951546
812 0.0943189486861229
813 0.0943605378270149
814 0.0936960726976395
815 0.0935307517647743
816 0.0930939614772797
817 0.0927647575736046
818 0.0931258350610733
819 0.0933427214622498
820 0.0930996239185333
821 0.0922284796833992
822 0.0918428748846054
823 0.0912441536784172
824 0.0907590389251709
825 0.0905929654836655
826 0.0904228687286377
827 0.0901644453406334
828 0.0896783322095871
829 0.0894073322415352
830 0.0890118032693863
831 0.0884849429130554
832 0.0881961062550545
833 0.0880143791437149
834 0.0880335345864296
835 0.0879053622484207
836 0.0879044905304909
837 0.0883580669760704
838 0.088218592107296
839 0.0872094258666039
840 0.0870175808668137
841 0.0869728550314903
842 0.0866674259305
843 0.086266040802002
844 0.0858231410384178
845 0.0853302031755447
846 0.0851522758603096
847 0.0850217118859291
848 0.0848782584071159
849 0.0849443078041077
850 0.0846858769655228
851 0.0846707373857498
852 0.0845534205436707
853 0.0842454060912132
854 0.0840797796845436
855 0.0836728885769844
856 0.0834519788622856
857 0.0832982659339905
858 0.0832261070609093
859 0.08309655636549
860 0.0825164839625359
861 0.0820655152201653
862 0.0819174647331238
863 0.0818430259823799
864 0.0815556198358536
865 0.0810598358511925
866 0.0808786377310753
867 0.0804157555103302
868 0.0801288634538651
869 0.080498032271862
870 0.0806186646223068
871 0.0804087221622467
872 0.0799190923571587
873 0.0797391086816788
874 0.0791167691349983
875 0.0786847472190857
876 0.0785918235778809
877 0.078357957303524
878 0.0780027136206627
879 0.0781684666872025
880 0.0780982449650764
881 0.0777889043092728
882 0.0775055065751076
883 0.0774720534682274
884 0.0771787762641907
885 0.0771026238799095
886 0.0768347159028053
887 0.0759549140930176
888 0.0758292973041534
889 0.0754867196083069
890 0.0758296027779579
891 0.0757213160395622
892 0.0755432993173599
893 0.0751035138964653
894 0.0749925971031189
895 0.0746274441480637
896 0.0744015425443649
897 0.0742593705654144
898 0.0735946223139763
899 0.0735074877738953
900 0.0733840242028236
901 0.0734210312366486
902 0.0731062963604927
903 0.0727959871292114
904 0.0728474706411362
905 0.0725671350955963
906 0.0721656531095505
907 0.0720956325531006
908 0.0717487782239914
909 0.0719048380851746
910 0.0715205818414688
911 0.071575440466404
912 0.0711398273706436
913 0.0708628818392754
914 0.0705459713935852
915 0.0706575363874435
916 0.0705782249569893
917 0.0702005177736282
918 0.0698628053069115
919 0.0697185546159744
920 0.0697475075721741
921 0.0690993741154671
922 0.0687057375907898
923 0.0687461644411087
924 0.0692497789859772
925 0.0689068213105202
926 0.0687036961317062
927 0.0684639886021614
928 0.0683612450957298
929 0.0684295520186424
930 0.0684090405702591
931 0.0686042532324791
932 0.0685767233371735
933 0.0681394040584564
934 0.0676476955413818
935 0.0674824118614197
936 0.0676552951335907
937 0.0676668062806129
938 0.0673271715641022
939 0.0671598464250565
940 0.0668425187468529
941 0.0667000114917755
942 0.066581554710865
943 0.06647789478302
944 0.0660152658820152
945 0.0654231086373329
946 0.065009169280529
947 0.0650855600833893
948 0.0651417151093483
949 0.0648500025272369
950 0.0645857602357864
951 0.0650505721569061
952 0.0650052800774574
953 0.0647759959101677
954 0.0641544535756111
955 0.0638133212924004
956 0.0636651590466499
957 0.0636293962597847
958 0.0632589980959892
959 0.0630408078432083
960 0.0628303661942482
961 0.0626826509833336
962 0.0625458210706711
963 0.0626160502433777
964 0.0626782551407814
965 0.0624152384698391
966 0.0619368962943554
967 0.0620287247002125
968 0.0617562793195248
969 0.0616748780012131
970 0.0612074211239815
971 0.0611034855246544
972 0.0610550493001938
973 0.0604639165103436
974 0.0601729713380337
975 0.0601528771221638
976 0.0601078420877457
977 0.0600821785628796
978 0.0599600300192833
979 0.0598232373595238
980 0.0594958811998367
981 0.0595131665468216
982 0.0594294406473637
983 0.0596903637051582
984 0.059317946434021
985 0.0590114258229733
986 0.0582347251474857
987 0.0581814311444759
988 0.0579384155571461
989 0.0578076429665089
990 0.0578540973365307
991 0.0575548745691776
992 0.0575695708394051
993 0.0573363229632378
994 0.0571685209870338
995 0.0572639405727386
996 0.0569873079657555
997 0.0567767657339573
998 0.0565595701336861
999 0.0567978695034981
1000    0.0569995418190956
1001    0.0571148097515106
1002    0.05677779763937
1003    0.0565744861960411
1004    0.0564337931573391
1005    0.0559388622641563
1006    0.0556991696357727
1007    0.0555673018097878
1008    0.0552487894892693
1009    0.0550398863852024
1010    0.0549855716526508
1011    0.054847463965416
1012    0.0547339916229248
1013    0.0544793680310249
1014    0.0542056225240231
1015    0.0542065054178238
1016    0.0541415512561798
1017    0.0538969300687313
1018    0.0536403469741344
1019    0.0533467084169388
1020    0.0533737726509571
1021    0.0532861538231373
1022    0.053279135376215
1023    0.0533622317016125
1024    0.0534346550703049
1025    0.0529865249991417
1026    0.0531686581671238
1027    0.0530498623847961
1028    0.0526966899633408
1029    0.0523042902350426
1030    0.0520498156547546
1031    0.0519338250160217
1032    0.05200469866395
1033    0.0518817938864231
1034    0.0520507954061031
1035    0.0520385801792145
1036    0.0521696172654629
1037    0.0518321841955185
1038    0.0516935326159
1039    0.0517139211297035
1040    0.0517406538128853
1041    0.0518117621541023
1042    0.05166831985116
1043    0.0513781644403934
1044    0.0509327203035355
1045    0.0508800372481346
1046    0.0508866049349308
1047    0.0509483851492405
1048    0.050615556538105
1049    0.0506928078830242
1050    0.0505664981901646
1051    0.0504504442214966
1052    0.0505176782608032
1053    0.050626166164875
1054    0.0503798127174377
1055    0.0505666136741638
1056    0.0502878166735172
1057    0.0497387163341045
1058    0.0494533851742744
1059    0.049261499196291
1060    0.0489535182714462
1061    0.0488576591014862
1062    0.0492963492870331
1063    0.0490707419812679
1064    0.0487654060125351
1065    0.0487700514495373
1066    0.0485435463488102
1067    0.0484909005463123
1068    0.0484952516853809
1069    0.0483005233108997
1070    0.0483149401843548
1071    0.0482767708599567
1072    0.0480228252708912
1073    0.0476026087999344
1074    0.0470269694924355
1075    0.0470066852867603
1076    0.0470209233462811
1077    0.0470888018608093
1078    0.0468391068279743
1079    0.0469109788537025
1080    0.0465856306254864
1081    0.0466561801731586
1082    0.0464936271309853
1083    0.0460596606135368
1084    0.0457201711833477
1085    0.0456316396594048
1086    0.0456994846463203
1087    0.04565155133605
1088    0.0452602505683899
1089    0.0447661615908146
1090    0.0446874648332596
1091    0.0448065921664238
1092    0.0450503453612328
1093    0.0452264882624149
1094    0.0448809340596199
1095    0.0450963973999023
1096    0.0447813458740711
1097    0.0447931624948978
1098    0.0445669926702976
1099    0.0443542711436749
1100    0.0439912304282188
1101    0.0438125319778919
1102    0.043633047491312
1103    0.0435578934848309
1104    0.0432736575603485
1105    0.0435914397239685
1106    0.043366651982069
1107    0.043240625411272
1108    0.043053824454546
1109    0.0428239479660988
1110    0.0426072627305984
1111    0.0424748659133911
1112    0.0424629151821136
1113    0.0423759818077087
1114    0.0424955226480961
1115    0.0422714315354824
1116    0.042464692145586
1117    0.0423980802297592
1118    0.0422900207340717
1119    0.0419607721269131
1120    0.0416251420974731
1121    0.0415973514318466
1122    0.0415959060192108
1123    0.0414651893079281
1124    0.0411393903195858
1125    0.041164867579937
1126    0.0409785322844982
1127    0.0408548042178154
1128    0.0405298210680485
1129    0.0404106713831425
1130    0.0405142940580845
1131    0.0406064763665199
1132    0.0405265167355537
1133    0.0401357375085354
1134    0.0399903990328312
1135    0.0401408113539219
1136    0.0404022932052612
1137    0.0401974730193615
1138    0.0400260724127293
1139    0.0396215803921223
1140    0.0395841524004936
1141    0.0394385233521461
1142    0.0393052659928799
1143    0.0392379499971867
1144    0.0392013005912304
1145    0.0389758571982384
1146    0.0391222834587097
1147    0.0391246490180492
1148    0.0389051511883736
1149    0.0385779440402985
1150    0.0384701862931252
1151    0.0381388291716576
1152    0.0380486734211445
1153    0.0380353629589081
1154    0.0378815941512585
1155    0.0378179438412189
1156    0.0380120798945427
1157    0.0378549806773663
1158    0.0379989184439182
1159    0.0380443632602692
1160    0.0381345525383949
1161    0.0374716743826866
1162    0.0372398532927036
1163    0.0372305102646351
1164    0.0372333936393261
1165    0.0372797772288322
1166    0.0370780602097511
1167    0.0370035879313946
1168    0.0368192978203297
1169    0.0368226356804371
1170    0.0367666818201542
1171    0.0367711447179317
1172    0.0368036739528179
1173    0.0366319231688976
1174    0.036150049418211
1175    0.0361550450325012
1176    0.0363160744309425
1177    0.0361354947090149
1178    0.0362974666059017
1179    0.0359116308391094
1180    0.0357625186443329
1181    0.0355559252202511
1182    0.0354291200637817
1183    0.0354274660348892
1184    0.035259522497654
1185    0.0349789708852768
1186    0.0350841507315636
1187    0.0351260304450989
1188    0.0352207273244858
1189    0.0351281464099884
1190    0.0349854193627834
1191    0.0346871614456177
1192    0.0345315523445606
1193    0.0345610566437244
1194    0.0344127304852009
1195    0.034674946218729
1196    0.0343870371580124
1197    0.0344427824020386
1198    0.0344105660915375
1199    0.0342778079211712
1200    0.0341020189225674
1201    0.0341961793601513
1202    0.0340305790305138
1203    0.0340379029512405
1204    0.0336083173751831
1205    0.0336059965193272
1206    0.0334959626197815
1207    0.0332993343472481
1208    0.0333822816610336
1209    0.0335088782012463
1210    0.0333908200263977
1211    0.0331386588513851
1212    0.0329386107623577
1213    0.0331587232649326
1214    0.0331020392477512
1215    0.0329648517072201
1216    0.0329202450811863
1217    0.0327735133469105
1218    0.032736923545599
1219    0.0325624756515026
1220    0.0324764512479305
1221    0.0324132405221462
1222    0.0324081629514694
1223    0.0321409329771996
1224    0.0320818945765495
1225    0.0321346037089825
1226    0.0321542099118233
1227    0.0320553965866566
1228    0.031702745705843
1229    0.0316612124443054
1230    0.0316144973039627
1231    0.0316127501428127
1232    0.0315755195915699
1233    0.0315739139914513
1234    0.0315060056746006
1235    0.031515821814537
1236    0.03140589594841
1237    0.0313661135733128
1238    0.0310952067375183
1239    0.0312485620379448
1240    0.0312529169023037
1241    0.0312367826700211
1242    0.0309520196169615
1243    0.0309100765734911
1244    0.0308550614863634
1245    0.0308184251189232
1246    0.0308613944798708
1247    0.0308684706687927
1248    0.0306405927985907
1249    0.0305930804461241
1250    0.0304507091641426
1251    0.0303094275295734
1252    0.0302640162408352
1253    0.0303350016474724
1254    0.0305807515978813
1255    0.0304619167000055
1256    0.03014300391078
1257    0.0299837309867144
1258    0.0300115123391151
1259    0.0299427192658186
1260    0.0298048760741949
1261    0.0300223231315613
1262    0.0300652477890253
1263    0.0300287567079067
1264    0.029910059645772
1265    0.0297995861619711
1266    0.0296165272593498
1267    0.0296688303351402
1268    0.0297342631965876
1269    0.0300073642283678
1270    0.0299295075237751
1271    0.0299385040998459
1272    0.0296451114118099
1273    0.0294196046888828
1274    0.0291987862437963
1275    0.0292813293635845
1276    0.0292395818978548
1277    0.0291730407625437
1278    0.0290150120854378
1279    0.0288061667233706
1280    0.0285668019205332
1281    0.0285398997366428
1282    0.028495367616415
1283    0.0284152366220951
1284    0.0283757876604795
1285    0.0285018533468246
1286    0.0281610991805792
1287    0.0282779540866613
1288    0.0282955095171928
1289    0.0280045978724957
1290    0.0277996119111776
1291    0.0276673156768084
1292    0.0276568010449409
1293    0.0276278723031282
1294    0.0275718700140715
1295    0.02754264511168
1296    0.0274681616574526
1297    0.027336398139596
1298    0.0273714270442724
1299    0.0271507892757654
1300    0.0271519124507904
1301    0.0268651843070984
1302    0.026844896376133
1303    0.0269154962152243
1304    0.026914244517684
1305    0.0265312343835831
1306    0.0265409387648106
1307    0.0263580232858658
1308    0.0261376220732927
1309    0.025925861671567
1310    0.0257806889712811
1311    0.0256873071193695
1312    0.0255465395748615
1313    0.0256550684571266
1314    0.0256773475557566
1315    0.0252600237727165
1316    0.0251408591866493
1317    0.0247797518968582
1318    0.0247173830866814
1319    0.0246014725416899
1320    0.0245106965303421
1321    0.0242299269884825
1322    0.0241859760135412
1323    0.0240280944854021
1324    0.0240134168416262
1325    0.0238680820912123
1326    0.0236037708818913
1327    0.0234880317002535
1328    0.0233618337661028
1329    0.0231710467487574
1330    0.0228723958134651
1331    0.0228810831904411
1332    0.0226378068327904
1333    0.0224425587803125
1334    0.0223064590245485
1335    0.0218295492231846
1336    0.0216897744685411
1337    0.021584777161479
