fourier db20 rTab db10 sym10 db3 sym20 dct sym3
1.0 1.0 0.0 1.0 1.0 1.0 1.0 1.0 1.0
0.19728222310348914 0.9924589143058832 0.001 0.9641321014754966 0.956603625388699 0.962375763111692 0.9924589143058832 0.1006517748120851 0.9623757631114838
0.10192491117781179 0.9841899453677692 0.002 0.9333724817941391 0.9156257803086267 0.9352507612338954 0.9841899453677692 0.051222852914942885 0.9352507612338383
0.0714365973321722 0.9770630545347616 0.003 0.909714941217327 0.8875298071371764 0.8859410072173843 0.9770630545347616 0.035311073715753455 0.8859410072179575
0.050773240699523214 0.9693121662580549 0.004 0.8987876551889614 0.8684622664073047 0.8317294438292605 0.9693121662580549 0.024923651340162285 0.8317294438301033
0.037141432649548015 0.9629097690437679 0.005 0.8959484388638735 0.8509290390822644 0.7847207003873398 0.9629097690437679 0.01848493440559068 0.7847207003883072
0.02915280804014651 0.9567009347003945 0.006 0.8942718778789944 0.8401743135777409 0.7354976201909367 0.9567009347003945 0.015225954671069693 0.7354976201916604
0.023179931797155183 0.9500270263906924 0.007 0.8855710210674964 0.8272524222697683 0.6965027247661002 0.9500270263906924 0.012629574440564062 0.6965027247664911
0.01883055030105988 0.9443450685987133 0.008 0.8677088557841492 0.8135933529570868 0.6676301190190741 0.9443450685987133 0.010719083046814412 0.6676301190189315
0.016552582636213023 0.9388417053288817 0.009000000000000001 0.8614754241823076 0.8061499691515246 0.6671204699365231 0.9388417053288817 0.00902896073654118 0.6671204699363537
0.014904091032644552 0.9328951091270121 0.01 0.8522720656948698 0.8012214341377942 0.667457633191661 0.9328951091270121 0.0077682775788868305 0.6674576331914993
0.013569485940144335 0.9277965543185717 0.011 0.8387466935653675 0.7973273696329881 0.6672177352323465 0.9277965543185717 0.006664638513351877 0.6672177352321762
0.012145525543816867 0.9222113405254089 0.012 0.829926942423675 0.7886384813930736 0.663119801004367 0.9222113405254089 0.005623362756588377 0.6631198010041777
0.011196414587482491 0.9174873854977685 0.013000000000000001 0.8168798777578056 0.7803474334748345 0.6473186478734019 0.9174873854977685 0.004879208208043844 0.6473186478732009
0.0104101270466465 0.9122713942560748 0.014 0.802756172932544 0.7722732352676009 0.6251559825360034 0.9122713942560748 0.004273677375103818 0.6251559825358272
0.00973824909580263 0.9077662613003369 0.015 0.78941028659371 0.7621872198991593 0.5860244571706751 0.9077662613003369 0.003801156094327051 0.5860244571708769
0.009090365572654031 0.903457573535266 0.016 0.778113806494605 0.7535109830687474 0.5540182240340673 0.903457573535266 0.0033629751196197467 0.5540182240344206
0.008377396661159489 0.8986921306663515 0.017 0.7662368801145775 0.7439934932550967 0.5169034810345374 0.8986921306663515 0.0029580631156425636 0.5169034810350538
0.00782182605200615 0.8945608340298015 0.018000000000000002 0.7531773168954895 0.7356785615801754 0.484249094181482 0.8945608340298015 0.0026545034586928583 0.48424909418190104
0.007278336511672088 0.890020876112439 0.019 0.7431639169854032 0.7235225888783968 0.4547989304501851 0.890020876112439 0.002353631314718112 0.4547989304503303
0.006801226825120118 0.8860302901208256 0.02 0.7362844441319953 0.712677310227507 0.4295612963881986 0.8860302901208256 0.0021269316768128413 0.4295612963880417
0.006354548715192228 0.8821052652527248 0.021 0.7318504524283317 0.7049436356995974 0.42229308885375505 0.8821052652527248 0.0019419626940074995 0.422293088853497
0.0058454759021110934 0.8777937795667058 0.022 0.7246283839832082 0.6954327254035574 0.4216977147497527 0.8777937795667058 0.00176263978359036 0.42169771474947315
0.005438259971452176 0.874033832394858 0.023 0.7184477556170642 0.6861154504475816 0.40016998115806623 0.874033832394858 0.001630705659121358 0.40016998115769636
0.005036179437837592 0.86989327105533 0.024 0.7100759092493458 0.6778339295737443 0.3787547988664972 0.86989327105533 0.0014989399795890305 0.37875479886615815
0.004685124878765455 0.8663272987443553 0.025 0.7020626260858432 0.6668513677299654 0.3751944187913556 0.8663272987443553 0.0013983543202753226 0.3751944187909726
0.004364628904765579 0.862851418030483 0.026000000000000002 0.6940520781011785 0.6592646766153296 0.3658786747917168 0.862851418030483 0.0013057948661613578 0.3658786747913944
0.004011504731707416 0.8590272587060916 0.027 0.6885478388089864 0.6515581005703808 0.35390806970216865 0.8590272587060916 0.00121447395644856 0.353908069701904
0.003735386482216401 0.8556565692360296 0.028 0.6802010421549403 0.6448748165139888 0.3465273136244321 0.8556565692360296 0.0011422846241859927 0.3465273136240696
0.003453730552178133 0.8519027513632251 0.029 0.6741703125653447 0.6382676498048737 0.33222932542544825 0.8519027513632251 0.0010676582045114345 0.33222932542479466
0.003228318121618111 0.8486097850939963 0.03 0.6644085276415476 0.6305840657389854 0.3260050595972253 0.8486097850939963 0.0010077006396917562 0.3260050595965454
0.0029562410955705377 0.8453647963398964 0.031 0.6582465068710107 0.6242978572879061 0.3204771416309164 0.8453647963398964 0.0009534608492358117 0.3204771416302349
0.0027524711932124047 0.8417666890727232 0.032 0.6524955379866922 0.6183201235882974 0.31420009046454367 0.8417666890727232 0.0008977048240273604 0.3142000904638373
0.002576588764463936 0.8386072828484261 0.033 0.6471192222762749 0.6137581328272358 0.30492836061543405 0.8386072828484261 0.0008536883877194167 0.3049283606147236
0.002378668871208627 0.8350735429713217 0.034 0.644493476774326 0.6091683832785775 0.2978651983053791 0.8350735429713217 0.0008079357294668996 0.29786519830466096
0.002224370475472344 0.831947352299536 0.035 0.6392203880580938 0.6042538210561953 0.2911893753890054 0.831947352299536 0.0007706466779950945 0.29118937538828943
0.0020831425380477262 0.8288345256491041 0.036000000000000004 0.6345072020640353 0.5985681256289161 0.2835413312886252 0.8288345256491041 0.0007353456785119852 0.28354133128791664
0.0019446154239188451 0.8253609630440071 0.037 0.6280981639819913 0.5927711919374298 0.27386380486850415 0.8253609630440071 0.0006973980612887718 0.27386380486779344
0.0018234991708858807 0.8223014535975081 0.038 0.6206629565309159 0.5879486581310128 0.2675355845423169 0.8223014535975081 0.0006654429424091571 0.2675355845416371
0.0017183568794499656 0.8189084507107612 0.039 0.6151636554569663 0.5812650886223709 0.25980095888695887 0.8189084507107612 0.0006319744616334981 0.25980095888629123
0.001602463942534159 0.8159197347287699 0.04 0.6117841195277923 0.5752425177252705 0.25104069762833475 0.8159197347287699 0.0006049253221568313 0.2510406976276654
0.0015179425717266283 0.8129496534968084 0.041 0.6058160918516166 0.5682620359754053 0.245073930771505 0.8129496534968084 0.0005801987174234317 0.24507393077082523
0.0014376015622521612 0.8096295408146096 0.042 0.604635013283601 0.5623058613614736 0.23910169790460128 0.8096295408146096 0.0005540030632073075 0.23910169790392904
0.0013679730564122728 0.8067060317416168 0.043000000000000003 0.5997506909547348 0.5592465244362439 0.23234875172271563 0.8067060317416168 0.000532506366049058 0.23234875172207145
0.001289794678669472 0.8034382720257246 0.044 0.5959077373468212 0.5579546570156042 0.2273875407136961 0.8034382720257246 0.0005095133409493429 0.22738754071310685
0.0012306495158554043 0.8005573636005077 0.045 0.5933003715209307 0.5539502638997111 0.2206085692165174 0.8005573636005077 0.000489919346071161 0.2206085692159392
0.0011750301585561553 0.7977089166544413 0.046 0.5896446830309748 0.5488647976595049 0.21627519328172154 0.7977089166544413 0.00047111443725892174 0.21627519328114295
0.001122057845877535 0.7945195480899014 0.047 0.5853786184096366 0.5454890780079027 0.20987726620516226 0.7945195480899014 0.000451076680578949 0.2098772662046005
0.0010757252808781903 0.7916933949254356 0.048 0.5813568009118976 0.5421488756274953 0.20599186410838616 0.7916933949254356 0.00043425403339425824 0.20599186410783368
0.001022463171050878 0.7885350062623776 0.049 0.577774380631418 0.5387227291551651 0.20217140587254237 0.7885350062623776 0.00041655228047193484 0.20217140587203278
0.0009788732241423198 0.7857499399476026 0.05 0.5750262737360663 0.5324452193896895 0.19788332814846032 0.7857499399476026 0.00040146766708553256 0.19788332814792273
0.0009375404208761907 0.7829918096516114 0.051000000000000004 0.5709248591875882 0.5270942729366073 0.19266155597721274 0.7829918096516114 0.0003867961956186845 0.19266155597669735
0.0008950134247330208 0.7799101552239809 0.052000000000000005 0.5674562901971556 0.5228623787894048 0.18771602160261933 0.7799101552239809 0.00037072515391626724 0.18771602160214343
0.0008566197979987746 0.7771924821413556 0.053 0.5619906819869995 0.5175175340030258 0.18346728026161133 0.7771924821413556 0.0003570462594471938 0.1834672802611582
0.000812484466428733 0.7741721507469864 0.054 0.5574209369792971 0.5137455275619878 0.1795741239617589 0.7741721507469864 0.00034245028969084396 0.1795741239613166
0.0007765783962398844 0.7715155236144142 0.055 0.5530395189759691 0.5111268436866061 0.17528660145865776 0.7715155236144142 0.0003300948308702402 0.17528660145821764
0.0007419378965647166 0.7688865010397647 0.056 0.5499129616761385 0.5060728742209145 0.17152568112358396 0.7688865010397647 0.0003184002158923704 0.17152568112318708
0.0007057003231467335 0.7659504337297699 0.057 0.5465954879920187 0.5012238327657309 0.1684368126230033 0.7659504337297699 0.0003058988473723727 0.16843681262266214
0.0006725146570856253 0.7633677925233799 0.058 0.5403324046912 0.4970289722532926 0.16493349984435765 0.7633677925233799 0.0002953580007790289 0.1649334998439684
0.0006341269188987774 0.7604947114116691 0.059000000000000004 0.5342786316179713 0.49324175225068073 0.1619511445846393 0.7604947114116691 0.0002843403470580317 0.16195114458425328
0.0006023299809043867 0.757980727408771 0.06 0.5288471757202204 0.488995583739492 0.15835737496109986 0.757980727408771 0.00027509729932041955 0.15835737496071436
0.0005710706738349507 0.7554910119589278 0.061 0.5250806267090773 0.48527675585876534 0.15563085678488706 0.7554910119589278 0.0002661885487843976 0.1556308567845149
0.0005412510086233671 0.752711739762388 0.062 0.5194242181911365 0.48258405611389127 0.151409792617486 0.752711739762388 0.0002565668884540936 0.1514097926170779
0.0005158473724712401 0.7502702414147904 0.063 0.51576049079762 0.4784420032724218 0.14863637494300933 0.7502702414147904 0.0002484116465628482 0.14863637494261606
0.00048827862867074033 0.7475556739356218 0.064 0.5120879707487941 0.47579255841001117 0.14546685988258 0.7475556739356218 0.00023949565765843116 0.14546685988219268
0.0004681109229638107 0.745153536061576 0.065 0.5068957580844796 0.4724168522214113 0.141095464473171 0.745153536061576 0.0002318365259361275 0.14109546447278606
0.0004498959878161439 0.7427595612987548 0.066 0.503870490700063 0.46730698017114847 0.1390668684819217 0.7427595612987548 0.00022438402689714266 0.13906686848155914
0.0004319415371452023 0.7400889974988871 0.067 0.4978130992788188 0.46407320370925986 0.13587362618033227 0.7400889974988871 0.00021645327668871233 0.1358736261799459
0.0004157326432297988 0.7377370635861747 0.068 0.4932183548121705 0.4606975761159954 0.13256884671891978 0.7377370635861747 0.0002096776218702617 0.13256884671852562
0.0003975216150405508 0.7351093553619437 0.069 0.49000474272849626 0.4585739483328156 0.12907470885351402 0.7351093553619437 0.00020228498371887196 0.1290747088531429
0.0003858657438399265 0.7327961463237852 0.07 0.487209812041102 0.4558290754083541 0.12641942173744095 0.7327961463237852 0.00019598461559907948 0.12641942173709353
0.00037010395559402583 0.730494826140309 0.07100000000000001 0.4831939107441189 0.45222523261537356 0.12335460866079676 0.730494826140309 0.00018991598508080078 0.12335460866044803
0.00035632100783385427 0.7279249218748043 0.07200000000000001 0.4806692590764213 0.4471282642991798 0.12069441344206004 0.7279249218748043 0.0001834335309131307 0.12069441344169186
0.00034364375719869315 0.7256615592924279 0.073 0.47773534286035907 0.44313060595956133 0.11751227075686638 0.7256615592924279 0.00017793223290928724 0.11751227075653586
0.00032899159193531505 0.7231439713140586 0.074 0.47342559470654294 0.43953422823871596 0.11507747196799933 0.7231439713140586 0.00017199011087968929 0.11507747196766566
0.00031722562610163747 0.7209317257259255 0.075 0.4697129063776712 0.4358732562182705 0.11250029972435811 0.7209317257259255 0.00016694504778167304 0.1125002997240742
0.00030681438146836686 0.7187330248613394 0.076 0.46753946364851817 0.43179679939982485 0.11051806876264547 0.7187330248613394 0.00016210631876628862 0.11051806876237875
0.00029624826863041103 0.7162818571761564 0.077 0.4641904012048283 0.42742165636487806 0.10743874332921849 0.7162818571761564 0.0001569105671927041 0.10743874332889011
0.00028646434734658455 0.7141202418950929 0.078 0.4589786668031589 0.4223989367816133 0.10479209431508268 0.7141202418950929 0.0001524560273212161 0.10479209431474462
0.0002755281329951789 0.7116969281269548 0.079 0.455396843935179 0.4183439323787261 0.10309259020226944 0.7116969281269548 0.00014771875922625928 0.10309259020190109
0.00026683025007826004 0.7095532004619098 0.08 0.4506326888726467 0.41528091670450784 0.10161507078041195 0.7095532004619098 0.00014365008680229546 0.10161507078006342
0.000258510811759297 0.7074260725879844 0.081 0.44725571287275107 0.4116036468691065 0.09946560187956757 0.7074260725879844 0.00013970744571552702 0.09946560187923426
0.00024985455237608523 0.7050531782823249 0.082 0.44504394714368534 0.4080878203698509 0.09705452333241123 0.7050531782823249 0.00013550806600847557 0.09705452333211546
0.0002421162585575595 0.7029572553817603 0.083 0.4403424608435534 0.403741596951159 0.09422176915373102 0.7029572553817603 0.00013194597747754277 0.09422176915344263
0.00023355416921547195 0.7006173033342128 0.084 0.43711599712069676 0.39896395425246983 0.09184061846230683 0.7006173033342128 0.00012802858865630645 0.09184061846203061
0.00022672964169583395 0.6985578105159197 0.085 0.4326204066978377 0.39379655710581624 0.09055681013109944 0.6985578105159197 0.00012461638467996857 0.09055681013086478
0.000220110633963778 0.6967656527159528 0.08600000000000001 0.4297496780224736 0.39054335386124794 0.08886424408746586 0.6967656527159528 0.00012128021483362358 0.08886424408724597
0.00021323862494552275 0.6942185186421436 0.08700000000000001 0.42612855715999165 0.38537686545170924 0.08700074692402304 0.6942185186421436 0.00011765711865442587 0.08700074692378235
0.00020674103008813227 0.6921971658009379 0.088 0.4215751754640469 0.3814760434388481 0.08476695466612523 0.6921971658009379 0.00011460649616939188 0.08476695466588734
0.0002007365723228947 0.6899475976046262 0.089 0.41745616938359426 0.3772185877442825 0.08305766259703243 0.6899475976046262 0.00011130470345621524 0.08305766259678121
0.00019526344315512953 0.6879661223285225 0.09 0.4141566708956167 0.37310991744659466 0.08119707077243336 0.6879661223285225 0.00010843758472563947 0.08119707077219411
0.0001900862140036448 0.6860090896399288 0.091 0.40904640397330205 0.3689684221249661 0.07990270231196127 0.6860090896399288 0.00010568233789931802 0.07990270231174426
0.00018417937105817266 0.6838314945826074 0.092 0.40408640693866404 0.3647265664835054 0.07802368089693379 0.6838314945826074 0.00010274029951860975 0.07802368089673238
0.00017941927793997296 0.6819071393611846 0.093 0.4005363935102931 0.3612134874971712 0.07643205243235492 0.6819071393611846 0.00010018654218224881 0.07643205243216387
0.00017446388542219251 0.679757387734658 0.094 0.39659617042877693 0.3571630865351042 0.07500251164285833 0.679757387734658 9.73944660411289e-05 0.07500251164268497
0.00016989928147098372 0.6778582334862574 0.095 0.39203358877377675 0.35338977119853393 0.07360709042353755 0.6778582334862574 9.502337144181688e-05 0.0736070904233698
0.00016558868438450316 0.6759735975396761 0.096 0.38721915625281744 0.3498769903463844 0.07244510285863791 0.6759735975396761 9.273574779219943e-05 0.07244510285846772
0.00016063511599516235 0.6738781760144971 0.097 0.38373290154310996 0.34570869612519134 0.07104435668557321 0.6738781760144971 9.026278111034491e-05 0.07104435668541344
0.0001565827095349851 0.6722614566861409 0.098 0.3797700121279699 0.3415596180492278 0.06973591009563337 0.6722614566861409 8.813845907057005e-05 0.06973591009548491
0.00015233285330595446 0.6699678288785456 0.099 0.3754730118916296 0.3398348639828512 0.06895625142912722 0.6699678288785456 8.57932512293753e-05 0.06895625142899278
0.00014839419313300177 0.6681517062668723 0.1 0.3708588267242021 0.33679593723190904 0.06794806157834213 0.6681517062668723 8.378591508300491e-05 0.06794806157818191
0.00014455448067711378 0.6663449308528229 0.101 0.36727982856083746 0.3343149878637472 0.06678085099012349 0.6663449308528229 8.183091055011123e-05 0.06678085098995314
0.00014009929923985872 0.6643282672088202 0.10200000000000001 0.3617622469620848 0.33125316647818986 0.0654869299945955 0.6643282672088202 7.965665009763428e-05 0.06548692999442687
0.00013658758095043004 0.6625485398340404 0.10300000000000001 0.3572029034132251 0.3271516199982652 0.06442421895490999 0.6625485398340404 7.776682640205765e-05 0.06442421895474919
0.00013312978670208787 0.6607767272216467 0.10400000000000001 0.35271942926946787 0.3231157025120229 0.06336749649174371 0.6607767272216467 7.591283333160027e-05 0.06336749649158609
0.0001295236303072233 0.6588003650301735 0.105 0.34841357891531854 0.32056511508112145 0.06253956794150364 0.6588003650301735 7.388223617689444e-05 0.06253956794135776
0.0001263020693517056 0.6570622094665532 0.106 0.34481494323600737 0.31815529549370986 0.06146539420757541 0.6570622094665532 7.21611105453333e-05 0.061465394207421094
0.00012260883806098282 0.6551273857684414 0.107 0.3409986103006011 0.31509255084851656 0.06047252103417066 0.6551273857684414 7.028910311213327e-05 0.06047252103402747
0.00011958899151802836 0.6534221021038703 0.108 0.3376043905181035 0.3127258004233971 0.05921643615734506 0.6534221021038703 6.867432292965448e-05 0.059216436157206946
0.00011667794019234495 0.651727271932987 0.109 0.3323820942928953 0.30902710587758997 0.05826775011825807 0.651727271932987 6.708568261498697e-05 0.05826775011812538
0.00011367332864462935 0.6498279042899302 0.11 0.3281450910241292 0.3064590428429324 0.05699469912769044 0.6498279042899302 6.535500925656742e-05 0.05699469912757313
0.00011090075188114716 0.6481476523981977 0.111 0.3240945381721443 0.3043213342972999 0.05565381827150051 0.6481476523981977 6.384822544481272e-05 0.05565381827139742
0.00010790607289191293 0.6462706242852293 0.112 0.3205593724969726 0.30083944730978585 0.05461555690325559 0.6462706242852293 6.221380127251239e-05 0.05451713647210703
0.0001055741146698751 0.6446169992381429 0.113 0.31614610436252505 0.2987356435003069 0.05370314081636122 0.6446169992381429 6.078804252071216e-05 0.053703140816268834
0.00010328663593896891 0.6429800103645171 0.114 0.3132321705229717 0.2956499583604666 0.053203545590378334 0.6429800103645171 5.938739114037793e-05 0.053203545590296844
0.00010101400634022494 0.6411662532750465 0.115 0.3097019652997378 0.2930011557515935 0.05203576197250073 0.6411662532750465 5.784780090937314e-05 0.05203576197242714
9.891216397159388e-05 0.6395653779192653 0.116 0.306080145112397 0.28859855534047907 0.05100012298682911 0.6395653779192653 5.651184815687096e-05 0.051000122986744646
9.645720935937637e-05 0.6377756242489135 0.117 0.30208396994943654 0.2843227482827631 0.05047564779872438 0.6377756242489135 5.50435152182051e-05 0.05047564779865168
9.442979272181596e-05 0.6361910179950474 0.11800000000000001 0.2987948566300614 0.28168142409022323 0.04984138529894266 0.6361910179950474 5.3789376880941924e-05 0.04984138529889692
9.24942631237467e-05 0.6346189696489217 0.11900000000000001 0.2949929944763238 0.2777246313690021 0.0489058498414822 0.6346189696489217 5.257002800280743e-05 0.048905849841466745
9.06100137371886e-05 0.6328695354812062 0.12 0.29232812950821097 0.2739084508541434 0.048118733655815336 0.6328695354812062 5.125321279072033e-05 0.04811873365583949
8.894038667246583e-05 0.6313218865040827 0.121 0.2883729150754828 0.27100333689748407 0.047233829881550914 0.6313218865040827 5.010706184447508e-05 0.04723382988157357
8.703289906338128e-05 0.6295928558633576 0.122 0.28490573412051345 0.2669776756212348 0.04643303367646082 0.6295928558633576 4.885556046512435e-05 0.04643303367650239
8.576580477433002e-05 0.6280665873510188 0.123 0.28116880485466716 0.2637200013810422 0.04540091500153844 0.6280665873510188 4.7776618591301214e-05 0.045400915001584066
8.396006269128213e-05 0.6265506861056084 0.124 0.27714767078974156 0.2598138817082701 0.04473893042006759 0.6265506861056084 4.672725237640798e-05 0.044738930420109624
8.237727583616627e-05 0.6248564634203702 0.125 0.2745450667776973 0.25625637289804576 0.04385314197292079 0.6248564634203702 4.5579189769122764e-05 0.04385314197299606
8.097107875888802e-05 0.623360031553957 0.126 0.27043881939913184 0.25319853010999044 0.04335632045439485 0.623360031553957 4.4593802208765316e-05 0.04335632045446547
7.935311233371923e-05 0.621689744775017 0.127 0.2674003908723311 0.2500359176602121 0.04255204398146947 0.621689744775017 4.350243369647905e-05 0.04255204398154564
7.802407822115702e-05 0.6202172775088836 0.128 0.26427294779456617 0.24726131559760228 0.041944680548828474 0.6202172775088836 4.255405781608444e-05 0.04194468054891411
7.671327303995352e-05 0.6187539245510724 0.129 0.26061024505233066 0.24465034962285975 0.041269485760621435 0.6187539245510724 4.1633182177591297e-05 0.041269485760720676
7.535800274632883e-05 0.6171212768996753 0.13 0.2564894175367244 0.24050540935334733 0.04078602265036211 0.6171212768996753 4.061618624363827e-05 0.04078602265049833
7.410607113458275e-05 0.6156837012023734 0.131 0.25318810510603684 0.23808808989564897 0.04006752466003987 0.6156837012023734 3.973832536138503e-05 0.040067524660184296
7.263978429016773e-05 0.6140792221776341 0.132 0.2504878735641608 0.2365118846233498 0.03941408616231921 0.6140792221776341 3.877092096827046e-05 0.03941408616247782
7.145813876278663e-05 0.6126598632032965 0.133 0.24742257252164196 0.23404447474241685 0.038773294953884097 0.6126598632032965 3.792759811997089e-05 0.038773294954045724
7.029789001343998e-05 0.6112492191603802 0.134 0.2442730594450304 0.23041796525580788 0.03815235494245031 0.6112492191603802 3.7104615675153325e-05 0.038152354942618386
6.909646395690252e-05 0.6096750250609199 0.135 0.2420564324707884 0.22747331458750175 0.037686522537474614 0.6096750250609199 3.6198323772971685e-05 0.037686522537638656
6.798507982365892e-05 0.6082904859594164 0.136 0.23922277522061486 0.2247535758921947 0.037064915262894835 0.6082904859594164 3.5409239267690865e-05 0.03706491526305564
6.668794676147745e-05 0.6067438161791695 0.137 0.2354980622619884 0.22187647007596922 0.03669581162387149 0.6067438161791695 3.453633865975044e-05 0.036695811624037324
6.561511285446511e-05 0.6053763657019307 0.138 0.23239300799298923 0.21929723552808117 0.03594810328966688 0.6053763657019307 3.3788140143256885e-05 0.03594810328985253
6.455484472382613e-05 0.6040175063974281 0.139 0.2288583860831306 0.21652386383848138 0.03536410962661286 0.6040175063974281 3.3063234752975493e-05 0.035364109626820774
6.343789958549649e-05 0.6025019349706875 0.14 0.2256614750218103 0.2155634329159006 0.034784091538206836 0.6025019349706875 3.226305098435357e-05 0.03478409153841518
6.240757011026882e-05 0.6011641681835619 0.14100000000000001 0.22268169314571842 0.2127074583627581 0.03442546258782888 0.6011641681835619 3.156590714291752e-05 0.03442546258804315
6.119900774080341e-05 0.5996703959864041 0.14200000000000002 0.21931724044974474 0.21082286125603877 0.033933654609339385 0.5996703959864041 3.0806232549704275e-05 0.033933654609558654
6.019758365735237e-05 0.5983569184032835 0.14300000000000002 0.2163384466875471 0.20851602680331993 0.0334999066013255 0.5983569184032835 3.015069459617077e-05 0.03349990660154446
5.921032111553528e-05 0.5970577253604521 0.14400000000000002 0.21297903242336155 0.2063311177603145 0.03297383122108982 0.5970577253604521 2.9509331336410628e-05 0.03297383122130537
5.818261878363318e-05 0.5956028038672116 0.145 0.2114397051883143 0.2043433069003799 0.032585098959492804 0.5956028038672116 2.8805960160554477e-05 0.032585098959709104
5.725998263716523e-05 0.5943170577083371 0.146 0.2090662748934824 0.2009709652237152 0.03201033204444525 0.5943170577083371 2.8196485433317593e-05 0.03201033204467065
5.619043723687632e-05 0.5928773118915166 0.147 0.2071380585608349 0.19771929041557001 0.031494978404408965 0.5928773118915166 2.752201237056391e-05 0.031494978404640016
5.531558029098278e-05 0.5916033413490176 0.148 0.20440797424242757 0.19496974685979127 0.031193051314917297 0.5916033413490176 2.6935861398594807e-05 0.031193051315146558
5.445984280549064e-05 0.5903335764335501 0.149 0.20150285167820622 0.19223374198990426 0.03080085682727303 0.5903335764335501 2.6359938637257288e-05 0.030800856827514485
5.3562012322221924e-05 0.5889093891692819 0.15 0.1986542801261269 0.19008553124797284 0.03024218075686538 0.5889093891692819 2.5729509591305775e-05 0.030242180757105466
5.273791694386358e-05 0.5876464164881989 0.151 0.19553389588557912 0.18789976867859448 0.029873655780109233 0.5876464164881989 2.518505936106735e-05 0.02987365578034635
5.1775780286997367e-05 0.5862310296600792 0.152 0.1934100536525301 0.18579891642848695 0.029564097495341803 0.5862310296600792 2.4589428366682672e-05 0.02956409749557985
5.0971900858883086e-05 0.584977616569893 0.153 0.19134503966876848 0.18299647638613634 0.02920126513820759 0.584977616569893 2.407226468097652e-05 0.029201265138442817
5.017998755211591e-05 0.583728350939959 0.154 0.18854572142448578 0.18127958788882337 0.028888445702605722 0.583728350939959 2.3563933044492195e-05 0.02888844570283859
4.93491742610165e-05 0.5823275799949409 0.155 0.18661960207743009 0.17859321400918965 0.028502642092810372 0.5823275799949409 2.30016309973663e-05 0.028502642093037153
4.857594263820362e-05 0.5810872521665833 0.156 0.18384684935408763 0.17665181584613074 0.02824369937457177 0.5810872521665833 2.2514430300785697e-05 0.028243699374800445
4.766797918489052e-05 0.5796964125895473 0.157 0.1812657494549594 0.17429401941217712 0.027763956365126907 0.5796964125895473 2.19843981588835e-05 0.027763956365357414
4.6912566078560153e-05 0.5784649200085854 0.158 0.1800081370528373 0.17250874262488758 0.027365368984953016 0.5784649200085854 2.1527845623349504e-05 0.02736536898518154
4.6162158192595995e-05 0.5772383717407973 0.159 0.17729075568050862 0.17160292765702537 0.026988921205037975 0.5772383717407973 2.1084677092209642e-05 0.02698892120526974
4.537482440432347e-05 0.575861797810837 0.16 0.1751369816367574 0.16896147967253852 0.02660493754695042 0.575861797810837 2.059635893395896e-05 0.026604937547182544
4.46456540732431e-05 0.5746429786902895 0.161 0.1724382876491784 0.16604581283680916 0.026220660903583135 0.5746429786902895 2.017256215350164e-05 0.026220660903827755
4.3793352048543094e-05 0.5732767412368401 0.162 0.16951930882752464 0.16429312584702377 0.025795932458577257 0.5732767412368401 1.9710674868968874e-05 0.025795932458819233
4.308459483264699e-05 0.5720675137037068 0.163 0.16747502096711414 0.16200845129765487 0.025325503408766638 0.5720675137037068 1.931689421636063e-05 0.025325503409008934
4.2401006882525457e-05 0.5708625995921452 0.164 0.16581585907658591 0.15972531670626355 0.02493712691334731 0.5708625995921452 1.8932026318051648e-05 0.024937126913589954
4.1679901413009426e-05 0.5695133391978346 0.165 0.1637480319051193 0.15697375376398193 0.024529026421222122 0.5695133391978346 1.8509347763684798e-05 0.024529026421462066
4.101691892743853e-05 0.5683185895290488 0.166 0.16109553327527099 0.15412890439051308 0.024163827023622537 0.5683185895290488 1.8139542038538386e-05 0.024163827023863802
4.0274417981385534e-05 0.5669781834145452 0.167 0.15991261603067394 0.15186494343827675 0.023736375801272774 0.5669781834145452 1.7730741413071187e-05 0.02373637580151537
3.967248475141955e-05 0.5657912007846141 0.168 0.1576157015251595 0.14969343732267582 0.02345946332079549 0.5657912007846141 1.7378423687690514e-05 0.0234594633210434
3.907879690559965e-05 0.5646076353235444 0.169 0.15507709733908862 0.1485716555959589 0.023084002073378233 0.5646076353235444 1.703554329369249e-05 0.02308400207362553
3.847699436624015e-05 0.5632782364486748 0.17 0.1531445834246788 0.14635689620006204 0.02276074383441816 0.5632782364486748 1.6663914964370836e-05 0.022760743834668164
3.7926078957432554e-05 0.5621001037248088 0.171 0.15087967516500905 0.14413089584710229 0.022493044311247202 0.5621001037248088 1.634390719343958e-05 0.022493044311507733
3.7297249731908125e-05 0.5607847125994874 0.17200000000000001 0.14862867247011127 0.14218638183990678 0.02217710927628048 0.5607847125994874 1.5990397213537193e-05 0.022177109276547226
3.67869178033061e-05 0.55961927163317 0.17300000000000001 0.14622475090344672 0.1396616972157378 0.021792972927415635 0.55961927163317 1.568413759939868e-05 0.021792972927675378
3.6287571483860065e-05 0.5584570462365726 0.17400000000000002 0.14489846224088648 0.13748136296814653 0.02155993301173691 0.5584570462365726 1.538469898045519e-05 0.02155993301199713
3.576938637882464e-05 0.557155331860366 0.17500000000000002 0.1427298502082317 0.13524136560026867 0.021282843081238248 0.557155331860366 1.5057311733419577e-05 0.02128284308150127
3.529972603332743e-05 0.5560018967327424 0.176 0.14028042740354715 0.13323448804592844 0.020994624966325353 0.5560018967327424 1.4773218536887197e-05 0.020994624966582043
3.475521970397322e-05 0.5547071834951705 0.177 0.13840326081104984 0.1316151477537768 0.02074879840058538 0.5547071834951705 1.4456656331507535e-05 0.02074879840084284
3.430862889155646e-05 0.5535591794623953 0.178 0.13640046264509034 0.12992345232693556 0.02052240902962477 0.5535591794623953 1.4181778855917413e-05 0.020522409029878758
3.387330186363094e-05 0.5524136073248902 0.179 0.1339782978116165 0.12768761857324376 0.020296682743645482 0.5524136073248902 1.3913611266727082e-05 0.020296682743900393
3.342112676334962e-05 0.5511282273878584 0.18 0.1318390879360243 0.12563124516141272 0.02004360732268097 0.5511282273878584 1.361925449016283e-05 0.020043607322931478
3.300077300049607e-05 0.5499878059901822 0.181 0.1300233056339887 0.12364173303319598 0.019760337597135712 0.5499878059901822 1.3361812415988715e-05 0.01976033759738595
3.2506287575004124e-05 0.5487071557534107 0.182 0.1273359254253073 0.12125227631837308 0.01952560188153865 0.5487071557534107 1.3078970493806557e-05 0.01952560188178702
3.209467946372796e-05 0.5475716711350266 0.183 0.12492575921743683 0.11913266881065956 0.01926516837965998 0.5475716711350266 1.2834463487012946e-05 0.019265168379914013
3.168747398321406e-05 0.546438462328673 0.184 0.12195332303779152 0.1169887106014933 0.019097965115271526 0.546438462328673 1.2593587790102567e-05 0.019097965115525327
3.126331780333534e-05 0.5451658860011687 0.185 0.12058231956319419 0.11541512711395933 0.018863542417897852 0.5451658860011687 1.232654988095508e-05 0.018863542418155733
3.087517179409715e-05 0.5440365123895523 0.186 0.11751316820119945 0.1129886322526691 0.018729679099093118 0.5440365123895523 1.2095350321273377e-05 0.018729679099348535
3.0418352824354235e-05 0.5427671981500616 0.187 0.11436822413362267 0.11115868699838959 0.018525697052377856 0.5427671981500616 1.1841909875868585e-05 0.018525697052640563
3.004275816594965e-05 0.5416403164348511 0.188 0.1112393051863936 0.10985074124815136 0.01836316127580765 0.5416403164348511 1.1621645017192618e-05 0.018363161276067713
2.9678784460795557e-05 0.5405152452653269 0.189 0.10836667842059318 0.1079629212873526 0.018172468016685196 0.5405152452653269 1.1405198366513999e-05 0.01817246801694807
2.9303004229957896e-05 0.5392514981851848 0.19 0.10525220600306709 0.10614164631188515 0.017904095471766454 0.5392514981851848 1.1165973095502735e-05 0.01790409547202854
2.8955284163469807e-05 0.538131444868936 0.191 0.10267013776076901 0.10377110078991252 0.01767275502202602 0.538131444868936 1.0959348382377652e-05 0.01767275502228764
2.855075492756276e-05 0.5368740486574517 0.192 0.10105003346673574 0.10143660065113355 0.0174267026462421 0.5368740486574517 1.073326888520607e-05 0.017426702646502708
2.8212563287211837e-05 0.5357584096485213 0.193 0.09949348202512742 0.09827588539713397 0.017226799896109937 0.5357584096485213 1.053649247328749e-05 0.01722679989637474
2.7875919330424236e-05 0.5346463371118918 0.194 0.09747016514539344 0.09507341967269685 0.017074038006016333 0.5346463371118918 1.0345671841273583e-05 0.0170740380062794
2.7522213678645055e-05 0.5333982682575825 0.195 0.09555974722771599 0.09334255094625725 0.01692981234865615 0.5333982682575825 1.0135846810093538e-05 0.016929812348919535
2.7193752437791905e-05 0.5322911303815081 0.196 0.093177976172935 0.09125805389595967 0.01666544543739414 0.5322911303815081 9.954476703546737e-06 0.016665445437655968
2.681134848730284e-05 0.5310487460955776 0.197 0.0909282254811762 0.08906648002257739 0.016465522780908834 0.5310487460955776 9.753235645338101e-06 0.016465522781170493
2.6494812110078032e-05 0.5299462377524449 0.198 0.0882547581911672 0.08698285171199281 0.01627946601108517 0.5299462377524449 9.57829380760958e-06 0.0162794660113464
2.6181590326126668e-05 0.5288451366409435 0.199 0.08627062351205501 0.08473306843388038 0.016075986614716088 0.5288451366409435 9.408009756830447e-06 0.016075986614980477
