174.92  0.317373514175415
175.4368    0.316053152084351
175.9536    0.315458804368973
176.4704    0.313874781131744
176.9872    0.311694413423538
177.504 0.310869514942169
178.0208    0.310056298971176
178.5376    0.309314876794815
179.0544    0.308062970638275
179.5712    0.306359171867371
180.088 0.304956346750259
180.6048    0.303147703409195
181.1216    0.302248626947403
181.6384    0.30102550983429
182.1552    0.299257606267929
182.672 0.297317355871201
183.1888    0.295815110206604
183.7056    0.294822812080383
184.2224    0.293090522289276
184.7392    0.291670441627502
185.256 0.290325790643692
185.7728    0.288635641336441
186.2896    0.28662970662117
186.8064    0.283805578947067
187.3232    0.281499415636063
187.84  0.280345886945724
188.3568    0.279222398996353
188.8736    0.278298079967499
189.3904    0.276903837919235
189.9072    0.275461882352829
190.424 0.27377113699913
190.9408    0.272636741399765
191.4576    0.270495057106018
191.9744    0.268072843551636
192.4912    0.266010195016861
193.008 0.264636695384979
193.5248    0.26255801320076
194.0416    0.260343015193939
194.5584    0.257763475179672
195.0752    0.254770249128342
195.592 0.253580302000046
196.1088    0.252179801464081
196.6256    0.249663457274437
197.1424    0.247510597109795
197.6592    0.24483123421669
198.176 0.242803260684013
198.6928    0.240658670663834
199.2096    0.238320380449295
199.7264    0.236777633428574
200.2432    0.23481872677803
200.76  0.23317551612854
201.2768    0.231148347258568
201.7936    0.229059875011444
202.3104    0.227245062589645
202.8272    0.225031420588493
203.344 0.222864344716072
203.8608    0.22085465490818
204.3776    0.219204068183899
204.8944    0.21784582734108
205.4112    0.21627601981163
205.928 0.214776799082756
206.4448    0.213262319564819
206.9616    0.21131457388401
207.4784    0.209736451506615
207.9952    0.208251446485519
208.512 0.206848993897438
209.0288    0.205032795667648
209.5456    0.202793627977371
210.0624    0.200970143079758
210.5792    0.199319094419479
211.096 0.197439774870872
211.6128    0.195514544844627
212.1296    0.193785324692726
212.6464    0.191868141293526
213.1632    0.190585270524025
213.68  0.189130216836929
214.1968    0.187853157520294
214.7136    0.186179414391518
215.2304    0.184635370969772
215.7472    0.183132484555244
216.264 0.181517958641052
216.7808    0.180164381861687
217.2976    0.179003298282623
217.8144    0.177605375647545
218.3312    0.176324054598808
218.848 0.174847781658173
219.3648    0.173494324088097
219.8816    0.172195360064507
220.3984    0.170704171061516
220.9152    0.169255748391151
221.432 0.16798298060894
221.9488    0.16689170897007
222.4656    0.165512233972549
222.9824    0.164067462086678
223.4992    0.162768304347992
224.016 0.161351278424263
224.5328    0.159861654043198
225.0496    0.158568143844604
225.5664    0.156775385141373
226.0832    0.154830902814865
226.6   0.154346644878387
227.1168    0.153794854879379
227.6336    0.152527824044228
228.1504    0.151817172765732
228.6672    0.15056300163269
229.184 0.149344488978386
229.7008    0.148020625114441
230.2176    0.146822139620781
230.7344    0.145807504653931
231.2512    0.144833460450172
231.768 0.143638506531715
232.2848    0.142746567726135
232.8016    0.141607776284218
233.3184    0.140655130147934
233.8352    0.139784634113312
234.352 0.138668373227119
234.8688    0.137401774525642
235.3856    0.136377140879631
235.9024    0.135302260518074
236.4192    0.134386405348778
236.936 0.133492305874825
237.4528    0.132402673363686
237.9696    0.131297051906586
238.4864    0.130259916186333
239.0032    0.129665553569794
239.52  0.128838166594505
240.0368    0.127770036458969
240.5536    0.126500323414803
241.0704    0.125616505742073
241.5872    0.125047191977501
242.104 0.124395079910755
242.6208    0.123682230710983
243.1376    0.122906401753426
243.6544    0.122226282954216
244.1712    0.121308714151382
244.688 0.120302863419056
245.2048    0.119625084102154
245.7216    0.118865087628365
246.2384    0.118023209273815
246.7552    0.117077313363552
247.272 0.116191439330578
247.7888    0.115373738110065
248.3056    0.114620164036751
248.8224    0.113869436085224
249.3392    0.113160416483879
249.856 0.112701036036015
250.3728    0.111916854977608
250.8896    0.111299343407154
251.4064    0.110448203980923
251.9232    0.1095822006464
252.44  0.108949437737465
252.9568    0.108258344233036
253.4736    0.107463426887989
253.9904    0.106712959706783
254.5072    0.106313727796078
255.024 0.105828113853931
255.5408    0.105087473988533
256.0576    0.104497097432613
256.5744    0.104079447686672
257.0912    0.103666856884956
257.608 0.103104397654533
258.1248    0.102563194930553
258.6416    0.101933293044567
259.1584    0.101278349757195
259.6752    0.100407332181931
260.192 0.0997430831193924
260.7088    0.099106676876545
261.2256    0.0984702408313751
261.7424    0.0981593057513237
262.2592    0.0975653007626534
262.776 0.0971961989998817
263.2928    0.0966389998793602
263.8096    0.0960993319749832
264.3264    0.0959097743034363
264.8432    0.0953330993652344
265.36  0.0947581604123116
265.8768    0.0943561270833015
266.3936    0.0941489189863205
266.9104    0.0938217714428902
267.4272    0.0934233069419861
267.944 0.0931911990046501
268.4608    0.0927756726741791
268.9776    0.0922208353877068
269.4944    0.0915924310684204
270.0112    0.0912519618868828
270.528 0.0911383554339409
271.0448    0.0906674936413765
271.5616    0.0904943719506264
272.0784    0.0902678072452545
272.5952    0.0901641100645065
273.112 0.0899667367339134
273.6288    0.0898257717490196
274.1456    0.0898237302899361
274.6624    0.089788980782032
275.1792    0.0898100435733795
275.696 0.0898522883653641
276.2128    0.0898903459310532
276.7296    0.0899506211280823
277.2464    0.0900276154279709
277.7632    0.0900081768631935
278.28  0.0901790931820869
278.7968    0.0901902318000793
279.3136    0.0904324501752853
279.8304    0.0909587070345879
280.3472    0.0917525812983513
280.864 0.0928828418254852
281.3808    0.0947954207658768
281.8976    0.098096638917923
282.4144    0.104094780981541
282.9312    0.115404069423676
283.448 0.13624669611454
283.9648    0.16854028403759
284.4816    0.209188103675842
284.9984    0.249586462974548
285.5152    0.278921335935593
286.032 0.294236183166504
286.5488    0.300969660282135
287.0656    0.305291622877121
287.5824    0.306697517633438
288.0992    0.306207895278931
288.616 0.308464795351028
289.1328    0.315560072660446
289.6496    0.32795175909996
290.1664    0.346042931079865
290.6832    0.369427114725113
291.2   0.394964784383774
291.7168    0.418886572122574
292.2336    0.438734889030457
292.7504    0.454741597175598
293.2672    0.467078268527985
293.784 0.475671857595444
294.3008    0.482251644134521
294.8176    0.487027525901794
295.3344    0.491207420825958
295.8512    0.49535608291626
296.368 0.497361689805984
296.8848    0.497703313827515
297.4016    0.497922897338867
297.9184    0.4974045753479
298.4352    0.496243596076965
298.952 0.494777172803879
299.4688    0.492220848798752
299.9856    0.489239901304245
300.5024    0.484505146741867
301.0192    0.480235457420349
301.536 0.475402623414993
302.0528    0.470249772071838
302.5696    0.464543431997299
303.0864    0.458841890096664
303.6032    0.452223807573318
304.12  0.444995522499084
304.6368    0.437453359365463
305.1536    0.429986208677292
305.6704    0.421659559011459
306.1872    0.414162904024124
306.704 0.405996769666672
307.2208    0.397986978292465
307.7376    0.389830350875854
308.2544    0.382602393627167
308.7712    0.376183390617371
309.288 0.370350748300552
309.8048    0.365062952041626
310.3216    0.360408514738083
310.8384    0.3559190928936
311.3552    0.351848006248474
311.872 0.348441034555435
312.3888    0.345962256193161
312.9056    0.343612045049667
313.4224    0.341204255819321
313.9392    0.339692026376724
314.456 0.338857114315033
314.9728    0.337864100933075
315.4896    0.337428212165833
316.0064    0.336849331855774
316.5232    0.336643546819687
317.04  0.336228013038635
317.5568    0.335525810718536
318.0736    0.334819614887238
318.5904    0.334160566329956
319.1072    0.333740413188934
319.624 0.333503782749176
320.1408    0.332856208086014
320.6576    0.332552909851074
321.1744    0.332183063030243
321.6912    0.331691443920135
322.208 0.331103831529617
322.7248    0.330343872308731
323.2416    0.329006612300873
323.7584    0.328655004501343
324.2752    0.327945679426193
324.792 0.326900482177734
325.3088    0.326446175575256
325.8256    0.325041532516479
326.3424    0.324390053749084
326.8592    0.322986871004105
327.376 0.322164863348007
327.8928    0.320296615362167
328.4096    0.318783402442932
328.9264    0.316798508167267
329.4432    0.314304500818253
329.96  0.311515510082245
330.4768    0.308193922042847
330.9936    0.307443410158157
331.5104    0.305961489677429
332.0272    0.304183840751648
332.544 0.302467674016953
333.0608    0.300418466329575
333.5776    0.298541903495789
334.0944    0.296493321657181
334.6112    0.294751077890396
335.128 0.292650789022446
335.6448    0.290923655033112
336.1616    0.289528280496597
336.6784    0.287913829088211
337.1952    0.285857737064362
337.712 0.284207433462143
338.2288    0.282313972711563
338.7456    0.280368685722351
339.2624    0.278411746025085
339.7792    0.277098894119263
340.296 0.275948166847229
340.8128    0.27386537194252
341.3296    0.272555381059647
341.8464    0.27132174372673
342.3632    0.270071059465408
342.88  0.268785238265991
343.3968    0.26752582192421
343.9136    0.266243517398834
344.4304    0.264787644147873
344.9472    0.264087677001953
345.464 0.263326466083527
345.9808    0.261734932661057
346.4976    0.260171443223953
347.0144    0.259077131748199
347.5312    0.257704138755798
348.048 0.255956798791885
348.5648    0.254057854413986
349.0816    0.252336382865906
349.5984    0.251472920179367
350.1152    0.251236110925674
350.632 0.250748008489609
351.1488    0.249299213290215
351.6656    0.246572956442833
352.1824    0.24500447511673
352.6992    0.243403226137161
353.216 0.242903590202332
353.7328    0.243565008044243
354.2496    0.243838414549828
354.7664    0.243162229657173
355.2832    0.241915658116341
355.8   0.240842461585999
356.3168    0.239322170615196
356.8336    0.238172397017479
357.3504    0.237163066864014
357.8672    0.23631289601326
358.384 0.23543144762516
358.9008    0.234328389167786
359.4176    0.233268424868584
359.9344    0.232063040137291
360.4512    0.231368541717529
360.968 0.230664908885956
361.4848    0.229597792029381
362.0016    0.228823319077492
362.5184    0.227961286902428
363.0352    0.227097481489182
363.552 0.22623099386692
364.0688    0.225392788648605
364.5856    0.224215239286423
365.1024    0.223201632499695
365.6192    0.222044482827187
366.136 0.22112925350666
366.6528    0.219836056232452
367.1696    0.218952164053917
367.6864    0.218025878071785
368.2032    0.217076912522316
368.72  0.216309890151024
369.2368    0.21531417965889
369.7536    0.214043945074081
370.2704    0.213053792715073
370.7872    0.212353348731995
371.304 0.211434617638588
371.8208    0.210117593407631
372.3376    0.209175318479538
372.8544    0.207954257726669
373.3712    0.206859976053238
373.888 0.205254510045052
374.4048    0.204121991991997
374.9216    0.20321686565876
375.4384    0.202493697404861
375.9552    0.202088177204132
376.472 0.201272144913673
376.9888    0.200620010495186
377.5056    0.199821427464485
378.0224    0.199037164449692
378.5392    0.198299512267113
379.056 0.197347983717918
379.5728    0.196474209427834
380.0896    0.195672482252121
380.6064    0.194535434246063
381.1232    0.193396389484406
381.64  0.192483529448509
382.1568    0.191928178071976
382.6736    0.19122351706028
383.1904    0.190407603979111
383.7072    0.189264059066772
384.224 0.188473090529442
384.7408    0.187768742442131
385.2576    0.186939150094986
385.7744    0.186272338032722
386.2912    0.185708522796631
386.808 0.184738516807556
387.3248    0.183798402547836
387.8416    0.182840913534164
388.3584    0.182898297905922
388.8752    0.182577833533287
389.392 0.18193319439888
389.9088    0.180730864405632
390.4256    0.179622873663902
390.9424    0.178463637828827
391.4592    0.177553698420525
391.976 0.176728293299675
392.4928    0.175874829292297
393.0096    0.175007984042168
393.5264    0.173808470368385
394.0432    0.172506481409073
394.56  0.172354057431221
395.0768    0.172012805938721
395.5936    0.17134852707386
396.1104    0.170812085270882
396.6272    0.16998253762722
397.144 0.169174283742905
397.6608    0.168687656521797
398.1776    0.168155401945114
398.6944    0.167595326900482
399.2112    0.167010009288788
399.728 0.166816115379333
400.2448    0.166918247938156
400.7616    0.166593655943871
401.2784    0.165766701102257
401.7952    0.164439514279366
402.312 0.163457080721855
402.8288    0.162303656339645
403.3456    0.161535665392876
403.8624    0.160610750317574
404.3792    0.159839764237404
404.896 0.158923447132111
405.4128    0.158170938491821
405.9296    0.157387465238571
406.4464    0.156952664256096
406.9632    0.156697258353233
407.48  0.15652260184288
407.9968    0.155792102217674
408.5136    0.155023157596588
409.0304    0.154235363006592
409.5472    0.153615012764931
410.064 0.15339033305645
410.5808    0.152703702449799
411.0976    0.151678159832954
411.6144    0.151005610823631
412.1312    0.150087118148804
412.648 0.149262964725494
413.1648    0.148522064089775
413.6816    0.147829443216324
414.1984    0.147374853491783
414.7152    0.146941363811493
415.232 0.146251708269119
415.7488    0.145513013005257
416.2656    0.144557252526283
416.7824    0.143889531493187
417.2992    0.143169343471527
417.816 0.142610266804695
418.3328    0.142097130417824
418.8496    0.141786977648735
419.3664    0.14125083386898
419.8832    0.140645891427994
420.4   0.140071377158165
420.9168    0.139485642313957
421.4336    0.138145714998245
421.9504    0.137207373976707
422.4672    0.13639260828495
422.984 0.135591924190521
423.5008    0.135145008563995
424.0176    0.13434311747551
424.5344    0.133555442094803
425.0512    0.1326924264431
425.568 0.132103249430656
426.0848    0.131279125809669
426.6016    0.130386292934418
427.1184    0.129785746335983
427.6352    0.129413247108459
428.152 0.128864005208015
428.6688    0.128364056348801
429.1856    0.128048121929169
429.7024    0.127510920166969
430.2192    0.127024859189987
430.736 0.126219600439072
431.2528    0.125542223453522
431.7696    0.124833658337593
432.2864    0.124373935163021
432.8032    0.124015189707279
433.32  0.123447015881538
433.8368    0.122695557773113
434.3536    0.12164069712162
434.8704    0.121142327785492
435.3872    0.120861105620861
435.904 0.120579719543457
436.4208    0.120097219944
436.9376    0.119848065078259
437.4544    0.119449682533741
437.9712    0.118937775492668
438.488 0.118304990231991
439.0048    0.117723189294338
439.5216    0.117252349853516
440.0384    0.116971626877785
440.5552    0.116394318640232
441.072 0.115945935249329
441.5888    0.115705847740173
442.1056    0.115367211401463
442.6224    0.114687122404575
443.1392    0.11421611905098
443.656 0.113599173724651
444.1728    0.113030344247818
444.6896    0.112540446221828
445.2064    0.112227603793144
445.7232    0.111837796866894
446.24  0.111295633018017
446.7568    0.110795095562935
447.2736    0.11028628051281
447.7904    0.109824642539024
448.3072    0.109189748764038
448.824 0.108556292951107
449.3408    0.108309037983418
449.8576    0.108135864138603
450.3744    0.107864074409008
450.8912    0.107376262545586
451.408 0.106904454529285
451.9248    0.106426239013672
452.4416    0.105867251753807
452.9584    0.105194538831711
453.4752    0.10468328744173
453.992 0.10452001541853
454.5088    0.104007452726364
455.0256    0.103456757962704
455.5424    0.102941304445267
456.0592    0.102662831544876
456.576 0.102240145206451
457.0928    0.101760067045689
457.6096    0.10126056522131
458.1264    0.101022526621819
458.6432    0.100470200181007
459.16  0.100109227001667
459.6768    0.0996131598949432
460.1936    0.0992400795221329
460.7104    0.099054142832756
461.2272    0.0988868027925491
461.744 0.0985282436013222
462.2608    0.0980983376502991
462.7776    0.0977678820490837
463.2944    0.0973386839032173
463.8112    0.0970691666007042
464.328 0.0966999158263206
464.8448    0.0965286791324615
465.3616    0.0961082428693771
465.8784    0.0956540107727051
466.3952    0.0951970145106316
466.912 0.0947008058428764
467.4288    0.0942445024847984
467.9456    0.0939445346593857
468.4624    0.0936331897974014
468.9792    0.0933573618531227
469.496 0.0930886492133141
470.0128    0.0927053540945053
470.5296    0.0922603905200958
471.0464    0.0918891653418541
471.5632    0.091668464243412
472.08  0.0912597179412842
472.5968    0.0905173644423485
473.1136    0.0904393419623375
473.6304    0.0903015807271004
474.1472    0.0900043994188309
474.664 0.0895401611924171
475.1808    0.0891221091151237
475.6976    0.088840626180172
476.2144    0.0883236899971962
476.7312    0.0878436639904976
477.248 0.0875569060444832
477.7648    0.0870049148797989
478.2816    0.0867040008306503
478.7984    0.0865951254963875
479.3152    0.0863241851329803
479.832 0.0862988978624344
480.3488    0.0859738886356354
480.8656    0.0857523754239082
481.3824    0.0851910561323166
481.8992    0.0848213732242584
482.416 0.0845655798912048
482.9328    0.0842029005289078
483.4496    0.0839433372020721
483.9664    0.0837511047720909
484.4832    0.0834980905056
485 0.0832534283399582
485.5168    0.0830527171492577
486.0336    0.0827928557991982
486.5504    0.0824120193719864
487.0672    0.08211749792099
487.584 0.0816532671451569
488.1008    0.0813530683517456
488.6176    0.0811010599136353
489.1344    0.0808904320001602
489.6512    0.0804989039897919
490.168 0.0800832584500313
490.6848    0.0797282010316849
491.2016    0.0793186649680138
491.7184    0.0791704654693604
492.2352    0.0789516493678093
492.752 0.0787594467401505
493.2688    0.0785807073116302
493.7856    0.0783694162964821
494.3024    0.0779613703489304
494.8192    0.0775110498070717
495.336 0.0771190598607063
495.8528    0.0767142027616501
496.3696    0.0764189586043358
496.8864    0.0762319788336754
497.4032    0.0761173516511917
497.92  0.0760246962308884
498.4368    0.0758320912718773
498.9536    0.0754712000489235
499.4704    0.0750725120306015
499.9872    0.0746895000338554
500.504 0.0743868872523308
501.0208    0.074299231171608
501.5376    0.0741549283266068
502.0544    0.0736954286694527
502.5712    0.0732881724834442
503.088 0.0728836208581924
503.6048    0.0726954564452171
504.1216    0.0724312588572502
504.6384    0.0719673335552216
505.1552    0.0717335790395737
505.672 0.0716171637177467
506.1888    0.0715095475316048
506.7056    0.0712493434548378
507.2224    0.0709080398082733
507.7392    0.0706586316227913
508.256 0.070376493036747
508.7728    0.0702077373862267
509.2896    0.0700276866555214
509.8064    0.0696322098374367
510.3232    0.0693435370922089
510.84  0.0691620334982872
511.3568    0.0691487267613411
511.8736    0.0689737275242805
512.3904    0.0686900541186333
512.9072    0.0684100016951561
513.424 0.0682279393076897
513.9408    0.0680442675948143
514.4576    0.0677862539887428
514.9744    0.0673297345638275
515.4912    0.0668345838785172
516.008 0.0665102601051331
516.5248    0.0661262422800064
517.0416    0.0659287199378014
517.5584    0.0657995268702507
518.0752    0.0657293200492859
518.592 0.0654701516032219
519.1088    0.0651464834809303
519.6256    0.064759373664856
520.1424    0.064529575407505
520.6592    0.0644107162952423
521.176 0.0641369223594666
521.6928    0.0640386790037155
522.2096    0.0637632012367249
522.7264    0.0636615306138992
523.2432    0.0634888187050819
523.76  0.063317246735096
524.2768    0.0630360096693039
524.7936    0.0627152547240257
525.3104    0.0623700805008411
525.8272    0.0622111931443214
526.344 0.0618530660867691
526.8608    0.0617257244884968
527.3776    0.0614193342626095
527.8944    0.0611468516290188
528.4112    0.0613133795559406
528.928 0.0613210536539555
529.4448    0.0612976364791393
529.9616    0.0613089948892593
530.4784    0.0617966987192631
530.9952    0.0631160214543343
531.512 0.0654616579413414
532.0288    0.0676292553544044
532.5456    0.0688060820102692
533.0624    0.0684078261256218
533.5792    0.0674074441194534
534.096 0.0664843618869781
534.6128    0.0656595081090927
535.1296    0.0653308928012848
535.6464    0.0652674064040184
536.1632    0.065241776406765
536.68  0.0652036890387535
537.1968    0.0656300485134125
537.7136    0.0664526000618935
538.2304    0.0678770393133163
538.7472    0.0694646313786507
539.264 0.070980466902256
539.7808    0.0724210739135742
540.2976    0.0734152719378471
540.8144    0.0741121992468834
541.3312    0.0742432028055191
541.848 0.074126161634922
542.3648    0.0737561956048012
542.8816    0.0732099488377571
543.3984    0.0725124776363373
543.9152    0.0718389824032784
544.432 0.0713521838188171
544.9488    0.0708275735378265
545.4656    0.0702874585986137
545.9824    0.0699016898870468
546.4992    0.0696246027946472
547.016 0.0690048858523369
547.5328    0.0685276389122009
548.0496    0.0681012123823166
548.5664    0.0677628815174103
549.0832    0.0674072727560997
549.6   0.066941998898983
550.1168    0.0663725286722183
550.6336    0.0658580139279366
551.1504    0.065457671880722
551.6672    0.0651963576674461
552.184 0.0648742839694023
552.7008    0.0645900890231133
553.2176    0.0642935186624527
553.7344    0.0639074295759201
554.2512    0.0634983032941818
554.768 0.0632908344268799
555.2848    0.0630415305495262
555.8016    0.0628200545907021
556.3184    0.06247453764081
556.8352    0.0621849484741688
557.352 0.0619847066700459
557.8688    0.0618783980607986
558.3856    0.0617651231586933
558.9024    0.0617434307932854
559.4192    0.0617049634456635
559.936 0.06166110932827
560.4528    0.0614641644060612
560.9696    0.06129539757967
561.4864    0.0611137598752975
562.0032    0.0609906017780304
562.52  0.0608950965106487
563.0368    0.0608047172427177
563.5536    0.0607127025723457
564.0704    0.0605274587869644
564.5872    0.0602221377193928
565.104 0.0600303001701832
565.6208    0.0599260292947292
566.1376    0.0598212741315365
566.6544    0.0598908811807632
567.1712    0.0596246309578419
567.688 0.0593816637992859
568.2048    0.0591214001178741
568.7216    0.0588930323719978
569.2384    0.0588474310934544
569.7552    0.0588710978627205
570.272 0.0587743893265724
570.7888    0.0584366470575333
571.3056    0.0580594949424267
571.8224    0.0578943900763988
572.3392    0.0577503778040409
572.856 0.0574293024837971
573.3728    0.0571707747876644
573.8896    0.0570489391684532
574.4064    0.0569113753736019
574.9232    0.0567863471806049
575.44  0.0567386969923973
575.9568    0.0566940642893314
576.4736    0.0564391650259495
576.9904    0.0561895146965981
577.5072    0.0560159459710121
578.024 0.0557900629937649
578.5408    0.0555099248886108
579.0576    0.0552287809550762
579.5744    0.0549041889607906
580.0912    0.0547420419752598
580.608 0.0545848608016968
581.1248    0.0544657781720161
581.6416    0.0542630180716515
582.1584    0.0541472062468529
582.6752    0.0540739260613918
583.192 0.0539071634411812
583.7088    0.0537311658263206
584.2256    0.0536482781171799
584.7424    0.0533398240804672
585.2592    0.0530821271240711
585.776 0.0528895743191242
586.2928    0.0527205131947994
586.8096    0.0526586696505547
587.3264    0.0525156185030937
587.8432    0.0523128136992455
588.36  0.0520546734333038
588.8768    0.0519475005567074
589.3936    0.0517824254930019
589.9104    0.0516033284366131
590.4272    0.0514300093054771
590.944 0.0513047277927399
591.4608    0.0510366447269917
591.9776    0.0507971718907356
592.4944    0.0505267456173897
593.0112    0.0503354147076607
593.528 0.0500255450606346
594.0448    0.0499307289719582
594.5616    0.0497129522264004
595.0784    0.0497118085622787
595.5952    0.049416109919548
596.112 0.0492171086370945
596.6288    0.0492892526090145
597.1456    0.0492090173065662
597.6624    0.0490817800164223
598.1792    0.0489934086799622
598.696 0.0488664768636227
599.2128    0.0487339086830616
599.7296    0.048462025821209
600.2464    0.0483320392668247
600.7632    0.0480610504746437
601.28  0.0478462055325508
601.7968    0.0476076193153858
602.3136    0.0474762693047523
602.8304    0.0474579744040966
603.3472    0.0473497398197651
603.864 0.0471843257546425
604.3808    0.0470044948160648
604.8976    0.0467958524823189
605.4144    0.0468106828629971
605.9312    0.0465732552111149
606.448 0.0464128330349922
606.9648    0.0462785698473454
607.4816    0.046124279499054
607.9984    0.0459107682108879
608.5152    0.0459431670606136
609.032 0.0458514057099819
609.5488    0.0457160845398903
610.0656    0.0455054454505444
610.5824    0.0454917885363102
611.0992    0.0453339330852032
611.616 0.0452749952673912
612.1328    0.0451179705560207
612.6496    0.0448711849749088
613.1664    0.0447711907327175
613.6832    0.0447128601372242
614.2   0.0444968119263649
614.7168    0.0443811118602753
615.2336    0.0442774035036564
615.7504    0.0441128984093666
616.2672    0.0439448654651642
616.784 0.0436423867940903
617.3008    0.0434498675167561
617.8176    0.0433305129408836
618.3344    0.0431547462940216
618.8512    0.0431040078401566
619.368 0.0430263131856918
619.8848    0.0428115464746952
620.4016    0.0425873473286629
620.9184    0.04250692948699
621.4352    0.042398352175951
621.952 0.0423653423786163
622.4688    0.0422157533466816
622.9856    0.0420559868216515
623.5024    0.0420497879385948
624.0192    0.0420336723327637
624.536 0.0420233942568302
625.0528    0.0418298803269863
625.5696    0.041512381285429
626.0864    0.0413364507257938
626.6032    0.0412594601511955
627.12  0.0410477258265018
627.6368    0.0409680008888245
628.1536    0.0408390536904335
628.6704    0.0406973101198673
629.1872    0.0406288169324398
629.704 0.040594507008791
630.2208    0.0404574573040009
630.7376    0.040306344628334
631.2544    0.0402809530496597
631.7712    0.0401105768978596
632.288 0.039922408759594
632.8048    0.039804857224226
633.3216    0.0396088063716888
633.8384    0.0393405817449093
634.3552    0.039165485650301
634.872 0.0391476489603519
635.3888    0.0390460900962353
635.9056    0.0388784743845463
636.4224    0.0387504510581493
636.9392    0.0386420153081417
637.456 0.0385726578533649
637.9728    0.0384126454591751
638.4896    0.0383869744837284
639.0064    0.0383537448942661
639.5232    0.0382942445576191
640.04  0.0381827317178249
640.5568    0.0379359237849712
641.0736    0.0378373898565769
641.5904    0.03770562261343
642.1072    0.037590179592371
642.624 0.0375136882066727
643.1408    0.03742865473032
643.6576    0.0373257026076317
644.1744    0.0372005365788937
644.6912    0.0371557846665382
645.208 0.0370963215827942
645.7248    0.0369212217628956
646.2416    0.0368463508784771
646.7584    0.0367022678256035
647.2752    0.0367048569023609
647.792 0.0365955904126167
648.3088    0.0365159846842289
648.8256    0.0363665781915188
649.3424    0.0361897051334381
649.8592    0.0359857305884361
650.376 0.0356981530785561
650.8928    0.0356647297739983
651.4096    0.0355654545128345
651.9264    0.0354407355189323
652.4432    0.0354372747242451
652.96  0.0354147329926491
653.4768    0.0352533869445324
653.9936    0.0352459326386452
654.5104    0.0351149216294289
655.0272    0.0349797196686268
655.544 0.0349240154027939
656.0608    0.0348618999123573
656.5776    0.0347602479159832
657.0944    0.0347205922007561
657.6112    0.0347098745405674
658.128 0.0344751589000225
658.6448    0.0343902930617332
659.1616    0.0342509150505066
659.6784    0.0341057442128658
660.1952    0.0339751839637756
660.712 0.0338931195437908
661.2288    0.033815760165453
661.7456    0.0337804816663265
662.2624    0.0337698683142662
662.7792    0.0336547717452049
663.296 0.0335090607404709
663.8128    0.0334079042077065
664.3296    0.0332875810563564
664.8464    0.0332969464361668
665.3632    0.0332017317414284
665.88  0.0331007689237595
666.3968    0.0330300033092499
666.9136    0.0329839587211609
667.4304    0.03283366933465
667.9472    0.0326349176466465
668.464 0.0324691347777843
668.9808    0.032356970012188
669.4976    0.0322318822145462
670.0144    0.0320705473423004
670.5312    0.0319308415055275
671.048 0.0319293700158596
671.5648    0.0317523330450058
672.0816    0.031596478074789
672.5984    0.0315441824495792
673.1152    0.0315076187252998
673.632 0.0314625278115273
674.1488    0.0314537435770035
674.6656    0.0313574150204659
675.1824    0.0311453640460968
675.6992    0.0311246551573277
676.216 0.030937796458602
676.7328    0.0308561753481627
677.2496    0.0308082494884729
677.7664    0.0306192692369223
678.2832    0.0304485447704792
678.8   0.0303075686097145
679.3168    0.0301933661103249
679.8336    0.0301151275634766
680.3504    0.0300967041403055
680.8672    0.0300162192434072
681.384 0.0299703497439623
681.9008    0.0299595594406128
682.4176    0.0298665910959244
682.9344    0.0298492535948753
683.4512    0.0297148060053587
683.968 0.0296430252492428
684.4848    0.0295723658055067
685.0016    0.0294861532747746
685.5184    0.0293765030801296
686.0352    0.0292733889073133
686.552 0.0292123332619667
687.0688    0.0291033592075109
687.5856    0.0290812626481056
688.1024    0.0290619358420372
688.6192    0.0289438255131245
689.136 0.0288836602121592
689.6528    0.0288336873054504
690.1696    0.0287246536463499
690.6864    0.0286162253469229
691.2032    0.0286022499203682
691.72  0.0285403560847044
692.2368    0.0285285450518131
692.7536    0.0284127742052078
693.2704    0.0282741561532021
693.7872    0.0281756240874529
694.304 0.0280839800834656
694.8208    0.0280286334455013
695.3376    0.0279943943023682
695.8544    0.0279312394559383
696.3712    0.0278904568403959
696.888 0.0277622547000647
697.4048    0.0275831166654825
697.9216    0.0275465864688158
698.4384    0.0274670030921698
698.9552    0.0273892357945442
699.472 0.0272443704307079
699.9888    0.0271663218736649
700.5056    0.0270926244556904
701.0224    0.0269958879798651
701.5392    0.0269716661423445
702.056 0.0269244462251663
702.5728    0.026833288371563
703.0896    0.0268725473433733
703.6064    0.0267676841467619
704.1232    0.0266314409673214
704.64  0.0265084449201822
705.1568    0.0264594629406929
705.6736    0.0264194924384356
706.1904    0.0263643860816956
706.7072    0.0262777861207724
707.224 0.0262039732187986
707.7408    0.0261636711657047
708.2576    0.0261242650449276
708.7744    0.0260661412030458
709.2912    0.0260675400495529
709.808 0.0260433498769999
710.3248    0.0260138232260942
710.8416    0.0259543750435114
711.3584    0.0258014108985662
711.8752    0.0256796646863222
712.392 0.0257103256881237
712.9088    0.0256541632115841
713.4256    0.0255742203444242
713.9424    0.0256407726556063
714.4592    0.025581369176507
714.976 0.0255150236189365
715.4928    0.0255063250660896
716.0096    0.0253832954913378
716.5264    0.0253287889063358
717.0432    0.025246424600482
717.56  0.0252833366394043
718.0768    0.025296539068222
718.5936    0.0252652950584888
719.1104    0.0251827910542488
719.6272    0.0250567011535168
720.144 0.0249877329915762
720.6608    0.0249649491161108
721.1776    0.0248388517647982
721.6944    0.024787375703454
722.2112    0.0247281342744827
722.728 0.0245462283492088
723.2448    0.024644372984767
723.7616    0.0246424749493599
724.2784    0.024622293189168
724.7952    0.0245807264000177
725.312 0.0244033802300692
725.8288    0.0243203528225422
726.3456    0.0243066102266312
726.8624    0.0242673214524984
727.3792    0.0241744462400675
727.896 0.0241650771349669
728.4128    0.0241328328847885
728.9296    0.0239746682345867
729.4464    0.0239023603498936
729.9632    0.0238887779414654
730.48  0.0238289721310139
730.9968    0.0236289985477924
731.5136    0.0236103869974613
732.0304    0.0235482063144445
732.5472    0.0235393494367599
733.064 0.0234248172491789
733.5808    0.0232679285109043
734.0976    0.0231906194239855
734.6144    0.0230850074440241
735.1312    0.0228875838220119
735.648 0.0227382145822048
736.1648    0.0227086264640093
736.6816    0.022595627233386
737.1984    0.0225127898156643
737.7152    0.0225038845092058
738.232 0.0224234312772751
738.7488    0.0223707668483257
739.2656    0.0222748145461082
739.7824    0.0221311710774899
740.2992    0.0222335383296013
740.816 0.0221371985971928
741.3328    0.0219792202115059
741.8496    0.022005632519722
742.3664    0.0219072848558426
742.8832    0.0218406897038221
743.4   0.0218126438558102
743.9168    0.0217591822147369
744.4336    0.0217244066298008
744.9504    0.0217140540480614
745.4672    0.0216103624552488
745.984 0.0215827934443951
746.5008    0.0215158648788929
747.0176    0.0213893465697765
747.5344    0.0213213264942169
748.0512    0.0213949643075466
748.568 0.0213433895260096
749.0848    0.02134501747787
749.6016    0.0212955866008997
750.1184    0.021150978282094
750.6352    0.0210795439779758
751.152 0.0209807604551315
751.6688    0.020919444039464
752.1856    0.0209239721298218
752.7024    0.0208200123161077
753.2192    0.0207307040691376
753.736 0.0206803809851408
754.2528    0.020706245675683
754.7696    0.0206377897411585
755.2864    0.0206090044230223
755.8032    0.0204319451004267
756.32  0.0203629415482283
756.8368    0.0203079115599394
757.3536    0.0202509593218565
757.8704    0.0202600061893463
758.3872    0.0202221907675266
758.904 0.0202154144644737
759.4208    0.0201266314834356
759.9376    0.0200608503073454
760.4544    0.019971014931798
760.9712    0.0198816321790218
761.488 0.0198195986449718
762.0048    0.0197263546288013
762.5216    0.0197568405419588
763.0384    0.0197588503360748
763.5552    0.0196398794651031
764.072 0.0196070019155741
764.5888    0.0195547342300415
765.1056    0.0194688197225332
765.6224    0.0194520819932222
766.1392    0.0192812066525221
766.656 0.0192332938313484
767.1728    0.0191914048045874
767.6896    0.0191586744040251
768.2064    0.0191162116825581
768.7232    0.0190810188651085
769.24  0.019025269895792
769.7568    0.0189660433679819
770.2736    0.0189112219959497
770.7904    0.0188709460198879
771.3072    0.018737843260169
771.824 0.0187072679400444
772.3408    0.0187161732465029
772.8576    0.0186704285442829
773.3744    0.0186527911573648
773.8912    0.0186518412083387
774.408 0.0186325386166573
774.9248    0.018545338883996
775.4416    0.0185210518538952
775.9584    0.0184663571417332
776.4752    0.0184356831014156
776.992 0.0183696467429399
777.5088    0.0183087717741728
778.0256    0.0182120185345411
778.5424    0.018158808350563
779.0592    0.0181515403091908
779.576 0.0180522631853819
780.0928    0.0179637558758259
780.6096    0.0179774183779955
781.1264    0.0178992506116629
781.6432    0.017852671444416
782.16  0.0178137049078941
782.6768    0.0177717357873917
783.1936    0.0177319440990686
783.7104    0.0177188143134117
784.2272    0.0176739413291216
784.744 0.0176452901214361
785.2608    0.0176503341645002
785.7776    0.0176266804337502
786.2944    0.0175496693700552
786.8112    0.0174972210079432
787.328 0.01749805547297
787.8448    0.0174357984215021
788.3616    0.0173849686980247
788.8784    0.0173155106604099
789.3952    0.0172691829502583
789.912 0.0171932931989431
790.4288    0.0171305425465107
790.9456    0.0170990638434887
791.4624    0.0170861314982176
791.9792    0.0169866122305393
792.496 0.0169568173587322
793.0128    0.016914764419198
793.5296    0.0168118588626385
794.0464    0.0168344136327505
794.5632    0.0167922787368298
795.08  0.0167907420545816
795.5968    0.0168026089668274
796.1136    0.0167513061314821
796.6304    0.0166502576321363
797.1472    0.0166095402091742
797.664 0.0165693704038858
798.1808    0.0165749900043011
798.6976    0.0165641233325005
799.2144    0.0165445283055305
799.7312    0.0165096540004015
800.248 0.0164988860487938
800.7648    0.0164923947304487
801.2816    0.0164049528539181
801.7984    0.0163308512419462
802.3152    0.0162800792604685
802.832 0.0162502881139517
803.3488    0.0161882489919662
803.8656    0.0162821356207132
804.3824    0.0162651389837265
804.8992    0.0162190608680248
805.416 0.0161807611584663
805.9328    0.0161041878163815
806.4496    0.0160100981593132
806.9664    0.0159887615591288
807.4832    0.0159215331077576
808 0.0158362910151482
808.5168    0.0157858952879906
809.0336    0.0158052816987038
809.5504    0.0157376285642385
810.0672    0.0157296564429998
810.584 0.0156705789268017
811.1008    0.0155779523774981
811.6176    0.0155990328639746
812.1344    0.0155740939080715
812.6512    0.0155131174251437
813.168 0.0155258439481258
813.6848    0.0154655193910003
814.2016    0.0154541032388806
814.7184    0.0154103916138411
815.2352    0.0154049685224891
815.752 0.0154638215899467
816.2688    0.0154573982581496
816.7856    0.0154385296627879
817.3024    0.015373962931335
817.8192    0.0153104793280363
818.336 0.0152520081028342
818.8528    0.0152025325223804
819.3696    0.0151327503845096
819.8864    0.0150979161262512
820.4032    0.0150760244578123
820.92  0.0150175653398037
821.4368    0.0149953914806247
821.9536    0.0149946808815002
822.4704    0.0150572778657079
822.9872    0.0150588797405362
823.504 0.0149366585537791
824.0208    0.014849198050797
824.5376    0.0148375770077109
825.0544    0.0148157635703683
825.5712    0.0148640358820558
826.088 0.0148871699348092
826.6048    0.0148117216303945
827.1216    0.0147680398076773
827.6384    0.0147291496396065
828.1552    0.0146717401221395
828.672 0.0147374412044883
829.1888    0.0146664194762707
829.7056    0.014680721797049
830.2224    0.0146842747926712
830.7392    0.0147184832021594
831.256 0.0146901551634073
831.7728    0.0147031089290977
832.2896    0.0146147171035409
832.8064    0.0145673044025898
833.3232    0.0145275807008147
833.84  0.0145021239295602
834.3568    0.014455983415246
834.8736    0.0144204711541533
835.3904    0.0144120054319501
835.9072    0.014308157376945
836.424 0.0142632918432355
836.9408    0.0142579283565283
837.4576    0.0141571359708905
837.9744    0.0141045497730374
838.4912    0.0140662174671888
839.008 0.0140514429658651
839.5248    0.0139285270124674
840.0416    0.0140110393986106
840.5584    0.0140048330649734
841.0752    0.0139040350914001
841.592 0.013864298351109
842.1088    0.0138424187898636
842.6256    0.0137524716556072
843.1424    0.0137607986107469
843.6592    0.0137492036446929
844.176 0.0137249063700438
844.6928    0.013713089749217
845.2096    0.0136589780449867
845.7264    0.0135968700051308
846.2432    0.0134943956509233
846.76  0.0135101266205311
847.2768    0.0134464344009757
847.7936    0.0134386522695422
848.3104    0.0133660994470119
848.8272    0.013295047916472
849.344 0.0132440933957696
849.8608    0.0132460026070476
850.3776    0.0131751168519258
850.8944    0.013058740645647
851.4112    0.0130667611956596
851.928 0.0129589019343257
852.4448    0.0128293056041002
852.9616    0.0128283677622676
853.4784    0.0127227213233709
853.9952    0.0126976715400815
854.512 0.0126696536317468
855.0288    0.0125634465366602
855.5456    0.0125050665810704
856.0624    0.0124937072396278
856.5792    0.0123645849525928
857.096 0.0122681902721524
857.6128    0.012205371633172
858.1296    0.0121107660233974
858.6464    0.0120140071958303
859.1632    0.0119950706139207
859.68  0.0119012072682381
860.1968    0.011746627278626
860.7136    0.01170998159796
861.2304    0.0116451745852828
861.7472    0.0115511901676655
862.264 0.011453015729785
862.7808    0.0113746952265501
863.2976    0.0112433563917875
863.8144    0.0112517941743135
864.3312    0.01120166759938
864.848 0.0110550317913294
865.3648    0.0109976846724749