174.92  0.755536198616028
175.4368    0.753422498703003
175.9536    0.752330780029297
176.4704    0.749943912029266
176.9872    0.745572149753571
177.504 0.743644833564758
178.0208    0.742078840732574
178.5376    0.741037607192993
179.0544    0.738300681114197
179.5712    0.733453631401062
180.088 0.731144189834595
180.6048    0.727907717227936
181.1216    0.726540088653564
181.6384    0.724320769309998
182.1552    0.721571326255798
182.672 0.717337846755981
183.1888    0.715156137943268
183.7056    0.713791251182556
184.2224    0.711867690086365
184.7392    0.709124863147736
185.256 0.705321967601776
185.7728    0.700952231884003
186.2896    0.697385728359222
186.8064    0.692022383213043
187.3232    0.6882483959198
187.84  0.686954498291016
188.3568    0.686905145645142
188.8736    0.685072839260101
189.3904    0.682328879833221
189.9072    0.679450452327728
190.424 0.677130818367004
190.9408    0.675867855548859
191.4576    0.672700524330139
191.9744    0.670106410980225
192.4912    0.668276906013489
193.008 0.666255414485931
193.5248    0.663209080696106
194.0416    0.660931825637817
194.5584    0.656400501728058
195.0752    0.650203466415405
195.592 0.647916734218597
196.1088    0.64229279756546
196.6256    0.635380208492279
197.1424    0.629617810249329
197.6592    0.623334228992462
198.176 0.61842006444931
198.6928    0.612802565097809
199.2096    0.607405364513397
199.7264    0.60305380821228
200.2432    0.600097358226776
200.76  0.596514344215393
201.2768    0.592793762683868
201.7936    0.589707255363464
202.3104    0.587619602680206
202.8272    0.584645748138428
203.344 0.581270456314087
203.8608    0.577349781990051
204.3776    0.575842499732971
204.8944    0.574170172214508
205.4112    0.572228252887726
205.928 0.568946003913879
206.4448    0.567129194736481
206.9616    0.56364232301712
207.4784    0.561267912387848
207.9952    0.557817280292511
208.512 0.555240869522095
209.0288    0.553229570388794
209.5456    0.550977647304535
210.0624    0.548888862133026
210.5792    0.545438587665558
211.096 0.542556047439575
211.6128    0.53880387544632
212.1296    0.536383748054504
212.6464    0.534442365169525
213.1632    0.5316241979599
213.68  0.527798593044281
214.1968    0.525181412696838
214.7136    0.522291839122772
215.2304    0.520025372505188
215.7472    0.517788112163544
216.264 0.514213621616364
216.7808    0.511544167995453
217.2976    0.507792532444
217.8144    0.504127860069275
218.3312    0.501655876636505
218.848 0.498678296804428
219.3648    0.495436668395996
219.8816    0.492561608552933
220.3984    0.489313840866089
220.9152    0.485579550266266
221.432 0.482500314712524
221.9488    0.47930634021759
222.4656    0.475980550050735
222.9824    0.472957253456116
223.4992    0.470865517854691
224.016 0.46808585524559
224.5328    0.46535912156105
225.0496    0.461835354566574
225.5664    0.457609266042709
226.0832    0.453146070241928
226.6   0.452313184738159
227.1168    0.451730042695999
227.6336    0.449520856142044
228.1504    0.447308719158173
228.6672    0.443915039300919
229.184 0.442396014928818
229.7008    0.439547538757324
230.2176    0.437038064002991
230.7344    0.434942603111267
231.2512    0.434042364358902
231.768 0.432576477527618
232.2848    0.429572552442551
232.8016    0.42655998468399
233.3184    0.424439311027527
233.8352    0.422063112258911
234.352 0.419804692268372
234.8688    0.417662680149078
235.3856    0.415019690990448
235.9024    0.413148999214172
236.4192    0.411128789186478
236.936 0.408636212348938
237.4528    0.406332820653915
237.9696    0.404029846191406
238.4864    0.400843799114227
239.0032    0.398169189691544
239.52  0.396193265914917
240.0368    0.394594758749008
240.5536    0.392827093601227
241.0704    0.391379237174988
241.5872    0.390082597732544
242.104 0.38840639591217
242.6208    0.386723875999451
243.1376    0.385064691305161
243.6544    0.383300125598907
244.1712    0.381022691726685
244.688 0.379107415676117
245.2048    0.377961277961731
245.7216    0.374411374330521
246.2384    0.37232831120491
246.7552    0.370648205280304
247.272 0.368718385696411
247.7888    0.367037177085876
248.3056    0.36518332362175
248.8224    0.362672030925751
249.3392    0.360843449831009
249.856 0.359519362449646
250.3728    0.357168078422546
250.8896    0.355732381343842
251.4064    0.354148775339127
251.9232    0.352590769529343
252.44  0.350549876689911
252.9568    0.34866663813591
253.4736    0.346321642398834
253.9904    0.344730466604233
254.5072    0.343877822160721
255.024 0.342872798442841
255.5408    0.341494202613831
256.0576    0.33954194188118
256.5744    0.33824035525322
257.0912    0.336765110492706
257.608 0.335532963275909
258.1248    0.334211677312851
258.6416    0.332871109247208
259.1584    0.331655532121658
259.6752    0.328732132911682
260.192 0.326622188091278
260.7088    0.324777841567993
261.2256    0.323245346546173
261.7424    0.321969747543335
262.2592    0.320455253124237
262.776 0.319827228784561
263.2928    0.31791964173317
263.8096    0.315548777580261
264.3264    0.315143525600433
264.8432    0.313239455223083
265.36  0.310867577791214
265.8768    0.309996068477631
266.3936    0.308996587991714
266.9104    0.308907091617584
267.4272    0.308294773101807
267.944 0.306806951761246
268.4608    0.305429220199585
268.9776    0.304075539112091
269.4944    0.301700264215469
270.0112    0.300673067569733
270.528 0.299305707216263
271.0448    0.298835456371307
271.5616    0.297891736030579
272.0784    0.296933531761169
272.5952    0.295470416545868
273.112 0.294677734375
273.6288    0.293884515762329
274.1456    0.292697012424469
274.6624    0.291649907827377
275.1792    0.291532188653946
275.696 0.290709316730499
276.2128    0.289604485034943
276.7296    0.289264261722565
277.2464    0.28821724653244
277.7632    0.286559671163559
278.28  0.284379750490189
278.7968    0.283410936594009
279.3136    0.281770586967468
279.8304    0.281005471944809
280.3472    0.280693888664246
280.864 0.280893743038177
281.3808    0.281735837459564
281.8976    0.283664166927338
282.4144    0.288380831480026
282.9312    0.296249210834503
283.448 0.307163864374161
283.9648    0.321551650762558
284.4816    0.336911141872406
284.9984    0.350377589464188
285.5152    0.359291434288025
286.032 0.366354703903198
286.5488    0.372416645288467
287.0656    0.377824455499649
287.5824    0.380758345127106
288.0992    0.381168901920319
288.616 0.380712687969208
289.1328    0.380050182342529
289.6496    0.385114043951035
290.1664    0.3917256295681
290.6832    0.399453073740005
291.2   0.407631605863571
291.7168    0.413464367389679
292.2336    0.416919976472855
292.7504    0.419475793838501
293.2672    0.422051519155502
293.784 0.425245404243469
294.3008    0.426894217729568
294.8176    0.428601622581482
295.3344    0.429345667362213
295.8512    0.42897829413414
296.368 0.428117543458939
296.8848    0.427105069160461
297.4016    0.426678895950317
297.9184    0.426963120698929
298.4352    0.425973743200302
298.952 0.424902975559235
299.4688    0.42458787560463
299.9856    0.422890156507492
300.5024    0.41987532377243
301.0192    0.418134301900864
301.536 0.415199756622314
302.0528    0.413078904151917
302.5696    0.409263670444489
303.0864    0.406567424535751
303.6032    0.4037746489048
304.12  0.399349957704544
304.6368    0.395255237817764
305.1536    0.391314327716827
305.6704    0.38748574256897
306.1872    0.383541941642761
306.704 0.378908187150955
307.2208    0.375605136156082
307.7376    0.372358590364456
308.2544    0.368515431880951
308.7712    0.365097403526306
309.288 0.363099336624146
309.8048    0.361199885606766
310.3216    0.359601736068726
310.8384    0.357356905937195
311.3552    0.354692846536636
311.872 0.352959990501404
312.3888    0.350953578948975
312.9056    0.348521322011948
313.4224    0.347165048122406
313.9392    0.345923811197281
314.456 0.344434499740601
314.9728    0.343948900699615
315.4896    0.343341678380966
316.0064    0.342364549636841
316.5232    0.342005610466003
317.04  0.342034697532654
317.5568    0.340277045965195
318.0736    0.340036749839783
318.5904    0.338953763246536
319.1072    0.337443858385086
319.624 0.33714759349823
320.1408    0.337433248758316
320.6576    0.336599171161652
321.1744    0.33550164103508
321.6912    0.334597706794739
322.208 0.333895832300186
322.7248    0.33237636089325
323.2416    0.331062108278275
323.7584    0.3308345079422
324.2752    0.329003989696503
324.792 0.327865421772003
325.3088    0.327572017908096
325.8256    0.326675832271576
326.3424    0.326376706361771
326.8592    0.325343042612076
327.376 0.324763298034668
327.8928    0.323162645101547
328.4096    0.322649985551834
328.9264    0.320876210927963
329.4432    0.318938732147217
329.96  0.31639689207077
330.4768    0.31409552693367
330.9936    0.314411848783493
331.5104    0.313370615243912
332.0272    0.311574071645737
332.544 0.311566323041916
333.0608    0.309961020946503
333.5776    0.309192299842834
334.0944    0.307739645242691
334.6112    0.306283295154572
335.128 0.30478310585022
335.6448    0.303492218255997
336.1616    0.301422894001007
336.6784    0.300288945436478
337.1952    0.298719644546509
337.712 0.298204839229584
338.2288    0.297442644834518
338.7456    0.296941041946411
339.2624    0.295646786689758
339.7792    0.294735729694366
340.296 0.294726550579071
340.8128    0.293512493371964
341.3296    0.2923883497715
341.8464    0.291006177663803
342.3632    0.289791345596313
342.88  0.289115905761719
343.3968    0.288025617599487
343.9136    0.287629961967468
344.4304    0.286707371473312
344.9472    0.28625676035881
345.464 0.285895138978958
345.9808    0.285836786031723
346.4976    0.286651372909546
347.0144    0.290192306041718
347.5312    0.296896606683731
348.048 0.308577358722687
348.5648    0.327079445123672
349.0816    0.35089048743248
349.5984    0.374424189329147
350.1152    0.382299542427063
350.632 0.362907439470291
351.1488    0.339227378368378
351.6656    0.338549613952637
352.1824    0.359551966190338
352.6992    0.388696879148483
353.216 0.407086610794067
353.7328    0.394912451505661
354.2496    0.354759812355042
354.7664    0.320921808481216
355.2832    0.302690327167511
355.8   0.29351019859314
356.3168    0.289258778095245
356.8336    0.286720961332321
357.3504    0.284554451704025
357.8672    0.28317791223526
358.384 0.282266676425934
358.9008    0.28073114156723
359.4176    0.278940886259079
359.9344    0.277182549238205
360.4512    0.276546359062195
360.968 0.27590349316597
361.4848    0.275858342647552
362.0016    0.275881916284561
362.5184    0.27626046538353
363.0352    0.27564013004303
363.552 0.274080902338028
364.0688    0.272917509078979
364.5856    0.272915482521057
365.1024    0.272681832313538
365.6192    0.272496998310089
366.136 0.272159427404404
366.6528    0.271705985069275
367.1696    0.270188182592392
367.6864    0.269110679626465
368.2032    0.269206941127777
368.72  0.269508808851242
369.2368    0.268740177154541
369.7536    0.26772528886795
370.2704    0.267237097024918
370.7872    0.266899138689041
371.304 0.26616233587265
371.8208    0.265158444643021
372.3376    0.264905750751495
372.8544    0.264948785305023
373.3712    0.265253663063049
373.888 0.264170259237289
374.4048    0.263024121522903
374.9216    0.262629210948944
375.4384    0.262398928403854
375.9552    0.262220442295074
376.472 0.261658608913422
376.9888    0.261618673801422
377.5056    0.261326521635056
378.0224    0.260599553585052
378.5392    0.25965341925621
379.056 0.259168297052383
379.5728    0.258147776126862
380.0896    0.257508724927902
380.6064    0.256171315908432
381.1232    0.254329800605774
381.64  0.253045678138733
382.1568    0.251148402690887
382.6736    0.250008970499039
383.1904    0.24962043762207
383.7072    0.249078914523125
384.224 0.247363850474358
384.7408    0.246740490198135
385.2576    0.24640092253685
385.7744    0.24531626701355
386.2912    0.243639931082726
386.808 0.242857456207275
387.3248    0.24139267206192
387.8416    0.240858748555183
388.3584    0.240878194570541
388.8752    0.239875093102455
389.392 0.238495439291
389.9088    0.237231001257896
390.4256    0.235993847250938
390.9424    0.234717756509781
391.4592    0.23347681760788
391.976 0.232733130455017
392.4928    0.231892585754395
393.0096    0.230806693434715
393.5264    0.229284077882767
394.0432    0.22787943482399
394.56  0.228408589959145
395.0768    0.229001432657242
395.5936    0.228430613875389
396.1104    0.226997837424278
396.6272    0.226340964436531
397.144 0.225681349635124
397.6608    0.225938886404037
398.1776    0.225241124629974
398.6944    0.225137487053871
399.2112    0.224833860993385
399.728 0.225018158555031
400.2448    0.226279079914093
400.7616    0.226332873106003
401.2784    0.225005060434341
401.7952    0.223648488521576
402.312 0.221529483795166
402.8288    0.220438539981842
403.3456    0.219394236803055
403.8624    0.218793973326683
404.3792    0.218248948454857
404.896 0.217605575919151
405.4128    0.216954171657562
405.9296    0.216287657618523
406.4464    0.215610504150391
406.9632    0.215062007308006
407.48  0.214538216590881
407.9968    0.213638663291931
408.5136    0.212987065315247
409.0304    0.212917312979698
409.5472    0.212121918797493
410.064 0.211429461836815
410.5808    0.211118370294571
411.0976    0.210560038685799
411.6144    0.209799110889435
412.1312    0.209386855363846
412.648 0.208248540759087
413.1648    0.207652047276497
413.6816    0.206879138946533
414.1984    0.205909386277199
414.7152    0.206042930483818
415.232 0.205265507102013
415.7488    0.204503878951073
416.2656    0.20331734418869
416.7824    0.202890053391457
417.2992    0.202354371547699
417.816 0.20226825773716
418.3328    0.20223131775856
418.8496    0.201448112726212
419.3664    0.200928017497063
419.8832    0.200390666723251
420.4   0.19916670024395
420.9168    0.198862850666046
421.4336    0.197528630495071
421.9504    0.19585283100605
422.4672    0.195257782936096
422.984 0.194812208414078
423.5008    0.194120585918427
424.0176    0.193748950958252
424.5344    0.193155184388161
425.0512    0.192309901118279
425.568 0.191320046782494
426.0848    0.189945340156555
426.6016    0.18889969587326
427.1184    0.188468754291534
427.6352    0.187978267669678
428.152 0.188131615519524
428.6688    0.187217429280281
429.1856    0.186797648668289
429.7024    0.186400339007378
430.2192    0.186041295528412
430.736 0.18548221886158
431.2528    0.184421390295029
431.7696    0.183445394039154
432.2864    0.182774975895882
432.8032    0.182475939393044
433.32  0.181900411844254
433.8368    0.181528806686401
434.3536    0.180502325296402
434.8704    0.179868564009666
435.3872    0.178976744413376
435.904 0.178748473525047
436.4208    0.178383499383926
436.9376    0.178471058607101
437.4544    0.17856927216053
437.9712    0.178000897169113
438.488 0.177531138062477
439.0048    0.176532238721848
439.5216    0.176692992448807
440.0384    0.177412763237953
440.5552    0.176691547036171
441.072 0.175766244530678
441.5888    0.175103202462196
442.1056    0.175361290574074
442.6224    0.173774495720863
443.1392    0.172893896698952
443.656 0.171755135059357
444.1728    0.170431673526764
444.6896    0.169821798801422
445.2064    0.169828563928604
445.7232    0.169563293457031
446.24  0.169305428862572
446.7568    0.168998122215271
447.2736    0.168384671211243
447.7904    0.167232990264893
448.3072    0.166684001684189
448.824 0.166372761130333
449.3408    0.166132971644402
449.8576    0.165886551141739
450.3744    0.165512055158615
450.8912    0.165032505989075
451.408 0.164988532662392
451.9248    0.165097400546074
452.4416    0.164191648364067
452.9584    0.162802129983902
453.4752    0.161517292261124
453.992 0.161349326372147
454.5088    0.161413267254829
455.0256    0.160951912403107
455.5424    0.160476341843605
456.0592    0.160095527768135
456.576 0.159218311309814
457.0928    0.158464193344116
457.6096    0.158044993877411
458.1264    0.157249629497528
458.6432    0.156719401478767
459.16  0.156833380460739
459.6768    0.156041398644447
460.1936    0.15491384267807
460.7104    0.15473560988903
461.2272    0.15466034412384
461.744 0.154623508453369
462.2608    0.154657572507858
462.7776    0.154153510928154
463.2944    0.153221771121025
463.8112    0.152805209159851
464.328 0.152301922440529
464.8448    0.151704609394073
465.3616    0.151269614696503
465.8784    0.150977984070778
466.3952    0.150578916072845
466.912 0.150054961442947
467.4288    0.149544388055801
467.9456    0.149766877293587
468.4624    0.149218365550041
468.9792    0.148647010326385
469.496 0.147495165467262
470.0128    0.147438138723373
470.5296    0.146950453519821
471.0464    0.146663039922714
471.5632    0.145987659692764
472.08  0.145053073763847
472.5968    0.14440344274044
473.1136    0.143632024526596
473.6304    0.143211603164673
474.1472    0.142982810735703
474.664 0.143175482749939
475.1808    0.143292620778084
475.6976    0.142791420221329
476.2144    0.142016008496284
476.7312    0.140877246856689
477.248 0.140635341405869
477.7648    0.14060877263546
478.2816    0.140161946415901
478.7984    0.140052691102028
479.3152    0.139981344342232
479.832 0.13956044614315
480.3488    0.139068320393562
480.8656    0.138758584856987
481.3824    0.137858375906944
481.8992    0.137445703148842
482.416 0.136956408619881
482.9328    0.137051075696945
483.4496    0.1364656239748
483.9664    0.136153310537338
484.4832    0.136065989732742
485 0.135359734296799
485.5168    0.135174468159676
486.0336    0.134397819638252
486.5504    0.134157955646515
487.0672    0.133680686354637
487.584 0.133060693740845
488.1008    0.13325072824955
488.6176    0.132923692464828
489.1344    0.132585927844048
489.6512    0.131420791149139
490.168 0.13074654340744
490.6848    0.130500674247742
491.2016    0.130210295319557
491.7184    0.129769831895828
492.2352    0.129980310797691
492.752 0.129549652338028
493.2688    0.128946289420128
493.7856    0.1286361515522
494.3024    0.127948895096779
494.8192    0.127325937151909
495.336 0.127146050333977
495.8528    0.126900225877762
496.3696    0.126475125551224
496.8864    0.125988081097603
497.4032    0.125290676951408
497.92  0.124890811741352
498.4368    0.124860480427742
498.9536    0.123993866145611
499.4704    0.123136267066002
499.9872    0.122923724353313
500.504 0.122458606958389
501.0208    0.121994666755199
501.5376    0.12183890491724
502.0544    0.121334254741669
502.5712    0.121009565889835
503.088 0.12052109092474
503.6048    0.120488069951534
504.1216    0.120249643921852
504.6384    0.119919769465923
505.1552    0.119462385773659
505.672 0.119078658521175
506.1888    0.118858277797699
506.7056    0.118638508021832
507.2224    0.118478454649448
507.7392    0.118600487709045
508.256 0.118473596870899
508.7728    0.118338957428932
509.2896    0.117775201797485
509.8064    0.11754185706377
510.3232    0.116987094283104
510.84  0.11675600707531
511.3568    0.116557970643044
511.8736    0.115968689322472
512.3904    0.115584924817085
512.9072    0.11477468162775
513.424 0.114727824926376
513.9408    0.114713132381439
514.4576    0.114049553871155
514.9744    0.113057114183903
515.4912    0.112720794975758
516.008 0.112371847033501
516.5248    0.112037904560566
517.0416    0.111526601016521
517.5584    0.111280187964439
518.0752    0.110670782625675
518.592 0.110211201012135
519.1088    0.109978504478931
519.6256    0.109562799334526
520.1424    0.109731987118721
520.6592    0.10954474657774
521.176 0.108942210674286
521.6928    0.108756147325039
522.2096    0.108323603868484
522.7264    0.108784377574921
523.2432    0.108474597334862
523.76  0.108682096004486
524.2768    0.107962489128113
524.7936    0.107833333313465
525.3104    0.107300966978073
525.8272    0.106917232275009
526.344 0.106239125132561
526.8608    0.105696700513363
527.3776    0.105540610849857
527.8944    0.105494983494282
528.4112    0.105574518442154
528.928 0.105447493493557
529.4448    0.105525396764278
529.9616    0.105677962303162
530.4784    0.106001563370228
530.9952    0.107164405286312
531.512 0.109171226620674
532.0288    0.111369028687477
532.5456    0.112834386527538
533.0624    0.113092057406902
533.5792    0.113545641303062
534.096 0.114060834050179
534.6128    0.115512706339359
535.1296    0.117382615804672
535.6464    0.118655331432819
536.1632    0.120475150644779
536.68  0.12290582805872
537.1968    0.125850826501846
537.7136    0.128770157694817
538.2304    0.13099330663681
538.7472    0.132497757673264
539.264 0.132983684539795
539.7808    0.133995890617371
540.2976    0.13416862487793
540.8144    0.133686006069183
541.3312    0.132618695497513
541.848 0.130840003490448
542.3648    0.128651484847069
542.8816    0.126396775245667
543.3984    0.124843806028366
543.9152    0.123630315065384
544.432 0.122332170605659
544.9488    0.12166441231966
545.4656    0.121303535997868
545.9824    0.120454169809818
546.4992    0.119652315974236
547.016 0.11822709441185
547.5328    0.117922984063625
548.0496    0.117461703717709
548.5664    0.116809420287609
549.0832    0.116863243281841
549.6   0.115725509822369
550.1168    0.114992164075375
550.6336    0.115063637495041
551.1504    0.114400409162045
551.6672    0.113986268639565
552.184 0.113086931407452
552.7008    0.113119646906853
553.2176    0.11310338973999
553.7344    0.112942457199097
554.2512    0.112970426678658
554.768 0.113373696804047
555.2848    0.113304018974304
555.8016    0.113097995519638
556.3184    0.112824879586697
556.8352    0.112770691514015
557.352 0.113651648163795
557.8688    0.114179603755474
558.3856    0.11450506746769
558.9024    0.114195592701435
559.4192    0.114092074334621
559.936 0.11359516531229
560.4528    0.112796045839787
560.9696    0.112796559929848
561.4864    0.112969622015953
562.0032    0.113278195261955
562.52  0.112657360732555
563.0368    0.112551674246788
563.5536    0.112154848873615
564.0704    0.111951120197773
564.5872    0.111105225980282
565.104 0.110440894961357
565.6208    0.109748229384422
566.1376    0.109268724918365
566.6544    0.109816484153271
567.1712    0.10979987680912
567.688 0.109386868774891
568.2048    0.108780056238174
568.7216    0.108758807182312
569.2384    0.108822546899319
569.7552    0.108636051416397
570.272 0.108566589653492
570.7888    0.108241595327854
571.3056    0.107649080455303
571.8224    0.106914684176445
572.3392    0.106488257646561
572.856 0.106067232787609
573.3728    0.105502799153328
573.8896    0.105370253324509
574.4064    0.105311587452888
574.9232    0.104937076568604
575.44  0.10431981831789
575.9568    0.104125335812569
576.4736    0.103855207562447
576.9904    0.103463038802147
577.5072    0.103265963494778
578.024 0.103430487215519
578.5408    0.103166222572327
579.0576    0.102926187217236
579.5744    0.102398671209812
580.0912    0.101958349347115
580.608 0.101775653660297
581.1248    0.101474493741989
581.6416    0.10109107196331
582.1584    0.100839421153069
582.6752    0.100608333945274
583.192 0.100263826549053
583.7088    0.0999989807605743
584.2256    0.0997733995318413
584.7424    0.0993336886167526
585.2592    0.099019929766655
585.776 0.0988165512681007
586.2928    0.0981306061148643
586.8096    0.0982291772961617
587.3264    0.0978692695498466
587.8432    0.097749836742878
588.36  0.0974694937467575
588.8768    0.0971798226237297
589.3936    0.0970814749598503
589.9104    0.0966585204005241
590.4272    0.0966093987226486
590.944 0.0959019586443901
591.4608    0.0960531607270241
591.9776    0.0956918075680733
592.4944    0.0954010635614395
593.0112    0.095193475484848
593.528 0.0946578457951546
594.0448    0.0943189486861229
594.5616    0.0943605378270149
595.0784    0.0936960726976395
595.5952    0.0935307517647743
596.112 0.0930939614772797
596.6288    0.0927647575736046
597.1456    0.0931258350610733
597.6624    0.0933427214622498
598.1792    0.0930996239185333
598.696 0.0922284796833992
599.2128    0.0918428748846054
599.7296    0.0912441536784172
600.2464    0.0907590389251709
600.7632    0.0905929654836655
601.28  0.0904228687286377
601.7968    0.0901644453406334
602.3136    0.0896783322095871
602.8304    0.0894073322415352
603.3472    0.0890118032693863
603.864 0.0884849429130554
604.3808    0.0881961062550545
604.8976    0.0880143791437149
605.4144    0.0880335345864296
605.9312    0.0879053622484207
606.448 0.0879044905304909
606.9648    0.0883580669760704
607.4816    0.088218592107296
607.9984    0.0872094258666039
608.5152    0.0870175808668137
609.032 0.0869728550314903
609.5488    0.0866674259305
610.0656    0.086266040802002
610.5824    0.0858231410384178
611.0992    0.0853302031755447
611.616 0.0851522758603096
612.1328    0.0850217118859291
612.6496    0.0848782584071159
613.1664    0.0849443078041077
613.6832    0.0846858769655228
614.2   0.0846707373857498
614.7168    0.0845534205436707
615.2336    0.0842454060912132
615.7504    0.0840797796845436
616.2672    0.0836728885769844
616.784 0.0834519788622856
617.3008    0.0832982659339905
617.8176    0.0832261070609093
618.3344    0.08309655636549
618.8512    0.0825164839625359
619.368 0.0820655152201653
619.8848    0.0819174647331238
620.4016    0.0818430259823799
620.9184    0.0815556198358536
621.4352    0.0810598358511925
621.952 0.0808786377310753
622.4688    0.0804157555103302
622.9856    0.0801288634538651
623.5024    0.080498032271862
624.0192    0.0806186646223068
624.536 0.0804087221622467
625.0528    0.0799190923571587
625.5696    0.0797391086816788
626.0864    0.0791167691349983
626.6032    0.0786847472190857
627.12  0.0785918235778809
627.6368    0.078357957303524
628.1536    0.0780027136206627
628.6704    0.0781684666872025
629.1872    0.0780982449650764
629.704 0.0777889043092728
630.2208    0.0775055065751076
630.7376    0.0774720534682274
631.2544    0.0771787762641907
631.7712    0.0771026238799095
632.288 0.0768347159028053
632.8048    0.0759549140930176
633.3216    0.0758292973041534
633.8384    0.0754867196083069
634.3552    0.0758296027779579
634.872 0.0757213160395622
635.3888    0.0755432993173599
635.9056    0.0751035138964653
636.4224    0.0749925971031189
636.9392    0.0746274441480637
637.456 0.0744015425443649
637.9728    0.0742593705654144
638.4896    0.0735946223139763
639.0064    0.0735074877738953
639.5232    0.0733840242028236
640.04  0.0734210312366486
640.5568    0.0731062963604927
641.0736    0.0727959871292114
641.5904    0.0728474706411362
642.1072    0.0725671350955963
642.624 0.0721656531095505
643.1408    0.0720956325531006
643.6576    0.0717487782239914
644.1744    0.0719048380851746
644.6912    0.0715205818414688
645.208 0.071575440466404
645.7248    0.0711398273706436
646.2416    0.0708628818392754
646.7584    0.0705459713935852
647.2752    0.0706575363874435
647.792 0.0705782249569893
648.3088    0.0702005177736282
648.8256    0.0698628053069115
649.3424    0.0697185546159744
649.8592    0.0697475075721741
650.376 0.0690993741154671
650.8928    0.0687057375907898
651.4096    0.0687461644411087
651.9264    0.0692497789859772
652.4432    0.0689068213105202
652.96  0.0687036961317062
653.4768    0.0684639886021614
653.9936    0.0683612450957298
654.5104    0.0684295520186424
655.0272    0.0684090405702591
655.544 0.0686042532324791
656.0608    0.0685767233371735
656.5776    0.0681394040584564
657.0944    0.0676476955413818
657.6112    0.0674824118614197
658.128 0.0676552951335907
658.6448    0.0676668062806129
659.1616    0.0673271715641022
659.6784    0.0671598464250565
660.1952    0.0668425187468529
660.712 0.0667000114917755
661.2288    0.066581554710865
661.7456    0.06647789478302
662.2624    0.0660152658820152
662.7792    0.0654231086373329
663.296 0.065009169280529
663.8128    0.0650855600833893
664.3296    0.0651417151093483
664.8464    0.0648500025272369
665.3632    0.0645857602357864
665.88  0.0650505721569061
666.3968    0.0650052800774574
666.9136    0.0647759959101677
667.4304    0.0641544535756111
667.9472    0.0638133212924004
668.464 0.0636651590466499
668.9808    0.0636293962597847
669.4976    0.0632589980959892
670.0144    0.0630408078432083
670.5312    0.0628303661942482
671.048 0.0626826509833336
671.5648    0.0625458210706711
672.0816    0.0626160502433777
672.5984    0.0626782551407814
673.1152    0.0624152384698391
673.632 0.0619368962943554
674.1488    0.0620287247002125
674.6656    0.0617562793195248
675.1824    0.0616748780012131
675.6992    0.0612074211239815
676.216 0.0611034855246544
676.7328    0.0610550493001938
677.2496    0.0604639165103436
677.7664    0.0601729713380337
678.2832    0.0601528771221638
678.8   0.0601078420877457
679.3168    0.0600821785628796
679.8336    0.0599600300192833
680.3504    0.0598232373595238
680.8672    0.0594958811998367
681.384 0.0595131665468216
681.9008    0.0594294406473637
682.4176    0.0596903637051582
682.9344    0.059317946434021
683.4512    0.0590114258229733
683.968 0.0582347251474857
684.4848    0.0581814311444759
685.0016    0.0579384155571461
685.5184    0.0578076429665089
686.0352    0.0578540973365307
686.552 0.0575548745691776
687.0688    0.0575695708394051
687.5856    0.0573363229632378
688.1024    0.0571685209870338
688.6192    0.0572639405727386
689.136 0.0569873079657555
689.6528    0.0567767657339573
690.1696    0.0565595701336861
690.6864    0.0567978695034981
691.2032    0.0569995418190956
691.72  0.0571148097515106
692.2368    0.05677779763937
692.7536    0.0565744861960411
693.2704    0.0564337931573391
693.7872    0.0559388622641563
694.304 0.0556991696357727
694.8208    0.0555673018097878
695.3376    0.0552487894892693
695.8544    0.0550398863852024
696.3712    0.0549855716526508
696.888 0.054847463965416
697.4048    0.0547339916229248
697.9216    0.0544793680310249
698.4384    0.0542056225240231
698.9552    0.0542065054178238
699.472 0.0541415512561798
699.9888    0.0538969300687313
700.5056    0.0536403469741344
701.0224    0.0533467084169388
701.5392    0.0533737726509571
702.056 0.0532861538231373
702.5728    0.053279135376215
703.0896    0.0533622317016125
703.6064    0.0534346550703049
704.1232    0.0529865249991417
704.64  0.0531686581671238
705.1568    0.0530498623847961
705.6736    0.0526966899633408
706.1904    0.0523042902350426
706.7072    0.0520498156547546
707.224 0.0519338250160217
707.7408    0.05200469866395
708.2576    0.0518817938864231
708.7744    0.0520507954061031
709.2912    0.0520385801792145
709.808 0.0521696172654629
710.3248    0.0518321841955185
710.8416    0.0516935326159
711.3584    0.0517139211297035
711.8752    0.0517406538128853
712.392 0.0518117621541023
712.9088    0.05166831985116
713.4256    0.0513781644403934
713.9424    0.0509327203035355
714.4592    0.0508800372481346
714.976 0.0508866049349308
715.4928    0.0509483851492405
716.0096    0.050615556538105
716.5264    0.0506928078830242
717.0432    0.0505664981901646
717.56  0.0504504442214966
718.0768    0.0505176782608032
718.5936    0.050626166164875
719.1104    0.0503798127174377
719.6272    0.0505666136741638
720.144 0.0502878166735172
720.6608    0.0497387163341045
721.1776    0.0494533851742744
721.6944    0.049261499196291
722.2112    0.0489535182714462
722.728 0.0488576591014862
723.2448    0.0492963492870331
723.7616    0.0490707419812679
724.2784    0.0487654060125351
724.7952    0.0487700514495373
725.312 0.0485435463488102
725.8288    0.0484909005463123
726.3456    0.0484952516853809
726.8624    0.0483005233108997
727.3792    0.0483149401843548
727.896 0.0482767708599567
728.4128    0.0480228252708912
728.9296    0.0476026087999344
729.4464    0.0470269694924355
729.9632    0.0470066852867603
730.48  0.0470209233462811
730.9968    0.0470888018608093
731.5136    0.0468391068279743
732.0304    0.0469109788537025
732.5472    0.0465856306254864
733.064 0.0466561801731586
733.5808    0.0464936271309853
734.0976    0.0460596606135368
734.6144    0.0457201711833477
735.1312    0.0456316396594048
735.648 0.0456994846463203
736.1648    0.04565155133605
736.6816    0.0452602505683899
737.1984    0.0447661615908146
737.7152    0.0446874648332596
738.232 0.0448065921664238
738.7488    0.0450503453612328
739.2656    0.0452264882624149
739.7824    0.0448809340596199
740.2992    0.0450963973999023
740.816 0.0447813458740711
741.3328    0.0447931624948978
741.8496    0.0445669926702976
742.3664    0.0443542711436749
742.8832    0.0439912304282188
743.4   0.0438125319778919
743.9168    0.043633047491312
744.4336    0.0435578934848309
744.9504    0.0432736575603485
745.4672    0.0435914397239685
745.984 0.043366651982069
746.5008    0.043240625411272
747.0176    0.043053824454546
747.5344    0.0428239479660988
748.0512    0.0426072627305984
748.568 0.0424748659133911
749.0848    0.0424629151821136
749.6016    0.0423759818077087
750.1184    0.0424955226480961
750.6352    0.0422714315354824
751.152 0.042464692145586
751.6688    0.0423980802297592
752.1856    0.0422900207340717
752.7024    0.0419607721269131
753.2192    0.0416251420974731
753.736 0.0415973514318466
754.2528    0.0415959060192108
754.7696    0.0414651893079281
755.2864    0.0411393903195858
755.8032    0.041164867579937
756.32  0.0409785322844982
756.8368    0.0408548042178154
757.3536    0.0405298210680485
757.8704    0.0404106713831425
758.3872    0.0405142940580845
758.904 0.0406064763665199
759.4208    0.0405265167355537
759.9376    0.0401357375085354
760.4544    0.0399903990328312
760.9712    0.0401408113539219
761.488 0.0404022932052612
762.0048    0.0401974730193615
762.5216    0.0400260724127293
763.0384    0.0396215803921223
763.5552    0.0395841524004936
764.072 0.0394385233521461
764.5888    0.0393052659928799
765.1056    0.0392379499971867
765.6224    0.0392013005912304
766.1392    0.0389758571982384
766.656 0.0391222834587097
767.1728    0.0391246490180492
767.6896    0.0389051511883736
768.2064    0.0385779440402985
768.7232    0.0384701862931252
769.24  0.0381388291716576
769.7568    0.0380486734211445
770.2736    0.0380353629589081
770.7904    0.0378815941512585
771.3072    0.0378179438412189
771.824 0.0380120798945427
772.3408    0.0378549806773663
772.8576    0.0379989184439182
773.3744    0.0380443632602692
773.8912    0.0381345525383949
774.408 0.0374716743826866
774.9248    0.0372398532927036
775.4416    0.0372305102646351
775.9584    0.0372333936393261
776.4752    0.0372797772288322
776.992 0.0370780602097511
777.5088    0.0370035879313946
778.0256    0.0368192978203297
778.5424    0.0368226356804371
779.0592    0.0367666818201542
779.576 0.0367711447179317
780.0928    0.0368036739528179
780.6096    0.0366319231688976
781.1264    0.036150049418211
781.6432    0.0361550450325012
782.16  0.0363160744309425
782.6768    0.0361354947090149
783.1936    0.0362974666059017
783.7104    0.0359116308391094
784.2272    0.0357625186443329
784.744 0.0355559252202511
785.2608    0.0354291200637817
785.7776    0.0354274660348892
786.2944    0.035259522497654
786.8112    0.0349789708852768
787.328 0.0350841507315636
787.8448    0.0351260304450989
788.3616    0.0352207273244858
788.8784    0.0351281464099884
789.3952    0.0349854193627834
789.912 0.0346871614456177
790.4288    0.0345315523445606
790.9456    0.0345610566437244
791.4624    0.0344127304852009
791.9792    0.034674946218729
792.496 0.0343870371580124
793.0128    0.0344427824020386
793.5296    0.0344105660915375
794.0464    0.0342778079211712
794.5632    0.0341020189225674
795.08  0.0341961793601513
795.5968    0.0340305790305138
796.1136    0.0340379029512405
796.6304    0.0336083173751831
797.1472    0.0336059965193272
797.664 0.0334959626197815
798.1808    0.0332993343472481
798.6976    0.0333822816610336
799.2144    0.0335088782012463
799.7312    0.0333908200263977
800.248 0.0331386588513851
800.7648    0.0329386107623577
801.2816    0.0331587232649326
801.7984    0.0331020392477512
802.3152    0.0329648517072201
802.832 0.0329202450811863
803.3488    0.0327735133469105
803.8656    0.032736923545599
804.3824    0.0325624756515026
804.8992    0.0324764512479305
805.416 0.0324132405221462
805.9328    0.0324081629514694
806.4496    0.0321409329771996
806.9664    0.0320818945765495
807.4832    0.0321346037089825
808 0.0321542099118233
808.5168    0.0320553965866566
809.0336    0.031702745705843
809.5504    0.0316612124443054
810.0672    0.0316144973039627
810.584 0.0316127501428127
811.1008    0.0315755195915699
811.6176    0.0315739139914513
812.1344    0.0315060056746006
812.6512    0.031515821814537
813.168 0.03140589594841
813.6848    0.0313661135733128
814.2016    0.0310952067375183
814.7184    0.0312485620379448
815.2352    0.0312529169023037
815.752 0.0312367826700211
816.2688    0.0309520196169615
816.7856    0.0309100765734911
817.3024    0.0308550614863634
817.8192    0.0308184251189232
818.336 0.0308613944798708
818.8528    0.0308684706687927
819.3696    0.0306405927985907
819.8864    0.0305930804461241
820.4032    0.0304507091641426
820.92  0.0303094275295734
821.4368    0.0302640162408352
821.9536    0.0303350016474724
822.4704    0.0305807515978813
822.9872    0.0304619167000055
823.504 0.03014300391078
824.0208    0.0299837309867144
824.5376    0.0300115123391151
825.0544    0.0299427192658186
825.5712    0.0298048760741949
826.088 0.0300223231315613
826.6048    0.0300652477890253
827.1216    0.0300287567079067
827.6384    0.029910059645772
828.1552    0.0297995861619711
828.672 0.0296165272593498
829.1888    0.0296688303351402
829.7056    0.0297342631965876
830.2224    0.0300073642283678
830.7392    0.0299295075237751
831.256 0.0299385040998459
831.7728    0.0296451114118099
832.2896    0.0294196046888828
832.8064    0.0291987862437963
833.3232    0.0292813293635845
833.84  0.0292395818978548
834.3568    0.0291730407625437
834.8736    0.0290150120854378
835.3904    0.0288061667233706
835.9072    0.0285668019205332
836.424 0.0285398997366428
836.9408    0.028495367616415
837.4576    0.0284152366220951
837.9744    0.0283757876604795
838.4912    0.0285018533468246
839.008 0.0281610991805792
839.5248    0.0282779540866613
840.0416    0.0282955095171928
840.5584    0.0280045978724957
841.0752    0.0277996119111776
841.592 0.0276673156768084
842.1088    0.0276568010449409
842.6256    0.0276278723031282
843.1424    0.0275718700140715
843.6592    0.02754264511168
844.176 0.0274681616574526
844.6928    0.027336398139596
845.2096    0.0273714270442724
845.7264    0.0271507892757654
846.2432    0.0271519124507904
846.76  0.0268651843070984
847.2768    0.026844896376133
847.7936    0.0269154962152243
848.3104    0.026914244517684
848.8272    0.0265312343835831
849.344 0.0265409387648106
849.8608    0.0263580232858658
850.3776    0.0261376220732927
850.8944    0.025925861671567
851.4112    0.0257806889712811
851.928 0.0256873071193695
852.4448    0.0255465395748615
852.9616    0.0256550684571266
853.4784    0.0256773475557566
853.9952    0.0252600237727165
854.512 0.0251408591866493
855.0288    0.0247797518968582
855.5456    0.0247173830866814
856.0624    0.0246014725416899
856.5792    0.0245106965303421
857.096 0.0242299269884825
857.6128    0.0241859760135412
858.1296    0.0240280944854021
858.6464    0.0240134168416262
859.1632    0.0238680820912123
859.68  0.0236037708818913
860.1968    0.0234880317002535
860.7136    0.0233618337661028
861.2304    0.0231710467487574
861.7472    0.0228723958134651
862.264 0.0228810831904411
862.7808    0.0226378068327904
863.2976    0.0224425587803125
863.8144    0.0223064590245485
864.3312    0.0218295492231846
864.848 0.0216897744685411
865.3648    0.021584777161479