eV s1 s2 s3 s1m s2m s3m
174.94 837.856 458.984 574.0 703.1679999999999 424.86400000000003 629.0928
175.457 859.856 463.984 565.0 713.4879999999998 435.824 621.1328
175.974 806.856 466.984 602.0 708.8079999999999 433.704 619.7328
176.49099999999999 753.856 507.984 642.0 700.5679999999999 422.10400000000004 615.2528
177.008 678.856 510.984 622.0 680.3679999999999 414.464 607.1727999999999
177.525 750.856 534.984 565.0 677.6479999999999 406.98400000000004 603.8528
178.042 711.856 524.984 563.0 677.5679999999999 417.264 605.2927999999999
178.559 745.856 467.984 578.0 679.2879999999999 419.024 607.7728
179.076 810.856 484.984 574.0 670.9279999999999 412.144 600.9728
179.593 695.856 463.984 559.0 663.048 415.584 595.8528
180.10999999999999 613.856 416.984 513.0 662.9279999999999 419.344 581.3728
180.627 618.856 435.984 438.0 663.2479999999999 418.664 569.4528
181.144 622.856 478.984 488.0 673.0479999999999 418.30400000000003 577.3728
181.661 703.856 479.984 553.0 673.528 414.30400000000003 577.4528
182.178 736.856 459.984 519.0 670.2080000000001 412.98400000000004 585.3328
182.695 739.856 464.984 548.0 670.7280000000001 405.464 587.5328
183.212 744.856 406.984 570.0 671.008 403.54400000000004 584.7728
183.72899999999998 782.856 425.984 536.0 675.2080000000001 400.144 580.9728
184.246 716.856 452.984 513.0 668.3679999999999 400.10400000000004 571.1727999999999
184.763 671.856 474.984 521.0 648.808 388.98400000000004 560.1727999999999
185.28 629.856 442.984 551.0 635.448 385.704 558.6528
185.797 647.856 448.984 595.0 629.968 383.664 558.7328
186.314 580.856 449.984 614.0 631.168 379.824 560.1328
186.831 618.856 498.984 622.0 631.608 387.064 552.2128
187.348 648.856 514.984 555.0 623.568 389.264 540.0128
187.865 673.856 461.984 561.0 626.1279999999999 379.464 541.2528
188.382 700.856 406.984 550.0 630.968 375.024 554.4528
188.899 708.856 384.984 550.0 625.568 367.824 552.5728
189.416 668.856 384.984 529.0 616.4879999999999 368.704 548.7728
189.933 654.856 383.984 577.0 611.7679999999999 364.624 543.0928
190.45 713.856 418.984 557.0 625.928 364.10400000000004 537.2528
190.96699999999998 725.856 395.984 547.0 619.6479999999999 362.30400000000003 532.6928
191.484 711.856 414.984 545.0 604.3679999999999 367.024 530.2128
192.001 656.856 408.984 548.0 601.088 362.30400000000003 531.6928
192.518 616.856 459.984 546.0 589.608 353.504 534.0128
193.035 634.856 406.984 562.0 583.0079999999999 351.624 531.4128
193.552 641.856 362.984 522.0 590.1279999999999 356.224 523.4528
194.069 644.856 355.984 536.0 589.7679999999999 356.024 510.7328
194.586 645.856 356.984 493.0 581.968 351.42400000000004 507.9328
195.103 603.856 318.984 537.0 572.408 343.144 508.4128
195.62 517.856 336.984 513.0 556.0079999999999 345.464 499.89279999999997
196.137 543.856 306.984 532.0 558.288 334.344 509.4128
196.654 608.856 304.984 537.0 556.5279999999999 336.224 505.33279999999996
197.171 597.856 317.984 527.0 557.208 337.584 502.6128
197.688 510.856 329.984 523.0 551.168 339.904 482.01279999999997
198.20499999999998 592.856 285.984 540.0 547.6479999999999 333.264 471.2928
198.722 586.856 279.984 539.0 549.8879999999999 322.864 472.1328
199.239 526.856 374.984 540.0 546.968 321.144 472.6528
199.756 525.856 343.984 566.0 553.4079999999999 316.50399999999996 468.77279999999996
200.273 551.856 399.984 598.0 533.328 318.904 480.1728
200.79 566.856 371.984 602.0 540.2080000000001 320.144 478.8128
201.307 579.856 393.984 520.0 530.6080000000001 319.50399999999996 467.5328
201.824 565.856 395.984 494.0 531.488 314.304 457.7328
202.341 615.856 415.984 432.0 533.6479999999999 311.984 453.89279999999997
202.858 624.856 356.984 389.0 536.848 319.984 456.8128
203.375 618.856 336.984 396.0 531.928 319.864 445.5328
203.892 600.856 358.984 420.0 517.808 321.104 446.0928
204.409 631.856 368.984 425.0 513.208 312.50399999999996 456.89279999999997
204.926 581.856 340.984 449.0 502.888 299.50399999999996 455.5328
205.44299999999998 573.856 336.984 442.0 506.16799999999995 300.024 456.2128
205.96 476.856 324.984 469.0 499.96799999999996 295.424 453.4928
206.477 432.856 317.984 494.0 499.20799999999997 293.664 444.77279999999996
206.994 457.856 285.984 505.0 490.04799999999994 291.26399999999995 442.33279999999996
207.511 448.856 259.984 488.0 493.84799999999996 288.94399999999996 432.1728
208.028 488.856 255.984 454.0 495.84799999999996 293.26399999999995 430.0528
208.54500000000002 518.856 333.984 440.0 504.72799999999995 297.984 432.6128
209.062 573.856 361.984 424.0 491.888 296.344 434.01279999999997
209.579 573.856 336.984 435.0 494.12799999999993 295.664 436.0528
210.096 513.856 305.984 427.0 497.12799999999993 286.464 437.4128
210.613 536.856 258.984 457.0 489.04799999999994 281.50399999999996 436.7328
211.13 510.856 293.984 438.0 493.68799999999993 284.94399999999996 430.0928
211.647 507.856 290.984 440.0 487.52799999999996 288.424 427.0928
212.164 514.856 326.984 410.0 483.48799999999994 285.344 428.7328
212.68099999999998 457.856 278.984 393.0 482.12799999999993 274.864 421.4128
213.198 448.856 302.984 397.0 475.12799999999993 271.18399999999997 423.5728
213.715 456.856 300.984 396.0 468.92799999999994 274.26399999999995 421.9728
214.232 484.856 296.984 343.0 475.92799999999994 276.304 418.5328
214.749 480.856 310.984 353.0 466.36799999999994 270.904 405.5728
215.266 488.856 331.984 378.0 460.328 271.70399999999995 398.01279999999997
215.78300000000002 467.856 309.984 364.0 464.24799999999993 267.344 386.6528
216.3 418.856 293.984 359.0 462.84799999999996 262.864 391.2128
216.817 432.856 265.984 364.0 455.80799999999994 261.984 396.7328
217.334 409.856 288.984 400.0 455.28799999999995 259.424 398.9328
217.851 465.856 289.984 398.0 456.20799999999997 259.70399999999995 394.0528
218.368 489.856 292.984 394.0 461.888 258.18399999999997 385.4928
218.885 537.856 332.984 353.0 451.568 261.06399999999996 385.6928
219.402 507.856 272.984 342.0 448.52799999999996 259.104 387.2128
219.91899999999998 457.856 274.984 343.0 440.24799999999993 256.784 393.3728
220.436 442.856 282.984 312.0 435.888 256.144 388.6928
220.953 457.856 298.984 332.0 431.768 247.98399999999998 387.6928
221.47 414.856 305.984 394.0 436.36799999999994 248.224 382.5728
221.987 367.856 284.984 389.0 436.80799999999994 245.30399999999997 372.6928
222.504 364.856 270.984 357.0 441.12799999999993 252.46399999999997 374.6528
223.02100000000002 414.856 282.984 366.0 427.888 250.62399999999997 378.2128
223.538 488.856 254.984 389.0 424.16799999999995 243.664 372.8528
224.055 477.856 233.984 365.0 419.008 237.224 370.0528
224.572 442.856 218.984 311.0 422.80799999999994 229.86399999999998 371.01279999999997
225.089 427.856 263.984 337.0 418.768 224.86399999999998 370.8528
225.606 415.856 251.984 324.0 400.64799999999997 219.82399999999998 368.5328
226.123 482.856 248.984 400.0 400.84799999999996 223.26399999999998 358.2128
226.64 414.856 255.984 406.0 401.24799999999993 226.784 354.5728
227.15699999999998 354.856 258.984 380.0 407.80799999999994 235.58399999999997 356.1328
227.674 395.856 207.984 368.0 407.60799999999995 245.06399999999996 356.2928
228.191 342.856 207.984 320.0 400.568 235.82399999999998 354.2928
228.708 378.856 229.984 352.0 402.448 229.02399999999997 360.6128
229.225 386.856 209.984 331.0 400.72799999999995 225.70399999999998 354.7328
229.742 383.856 230.984 291.0 402.52799999999996 231.46399999999997 349.2928
230.25900000000001 361.856 238.984 357.0 393.72799999999995 228.90399999999997 348.6928
230.776 333.856 211.984 377.0 380.40799999999996 222.82399999999998 343.4928
231.293 337.856 219.984 397.0 380.28799999999995 215.46399999999997 339.0928
231.81 377.856 201.984 425.0 381.92799999999994 208.784 336.7328
232.327 379.856 230.984 417.0 391.568 217.10399999999998 336.6528
232.844 365.856 264.984 401.0 397.08799999999997 223.06399999999996 328.8128
233.361 343.856 237.984 406.0 395.24799999999993 214.224 332.6928
233.878 376.856 245.984 399.0 388.04799999999994 212.42399999999998 328.33279999999996
234.39499999999998 439.856 227.984 415.0 394.04799999999994 216.34399999999997 328.4128
234.912 478.856 239.984 364.0 395.64799999999997 217.14399999999998 321.9728
235.429 471.856 233.984 344.0 389.72799999999995 211.54399999999998 322.77279999999996
235.946 389.856 234.984 334.0 384.92799999999994 206.224 320.33279999999996
236.463 377.856 228.984 303.0 383.40799999999996 204.14399999999998 327.1728
236.98 422.856 255.984 345.0 373.92799999999994 204.26399999999998 332.1328
237.497 378.856 208.984 317.0 368.40799999999996 206.02399999999997 328.7328
238.014 354.856 211.984 297.0 353.848 206.42399999999998 327.1728
238.531 360.856 200.984 297.0 357.92799999999994 211.90399999999997 322.6128
239.048 383.856 200.984 240.0 356.20799999999997 203.70399999999998 313.77279999999996
239.565 361.856 200.984 235.0 356.008 195.26399999999998 308.9728
240.082 407.856 197.984 271.0 341.20799999999997 194.664 306.45279999999997
240.599 357.856 205.984 260.0 340.08799999999997 192.70399999999998 301.5728
241.11599999999999 366.856 255.984 264.0 341.68799999999993 188.26399999999998 316.45279999999997
241.63299999999998 369.856 237.984 307.0 346.96799999999996 190.58399999999997 317.4128
242.15 386.856 215.984 275.0 351.16799999999995 194.46399999999997 318.45279999999997
242.667 335.856 206.984 278.0 345.888 201.784 317.01279999999997
243.184 303.856 223.984 291.0 347.60799999999995 196.224 307.01279999999997
243.701 327.856 220.984 262.0 354.48799999999994 189.02399999999997 303.1328
244.21800000000002 301.856 193.984 258.0 344.80799999999994 186.06399999999996 301.0528
244.735 330.856 190.984 287.0 341.64799999999997 188.98399999999998 313.0528
245.252 321.856 183.984 318.0 338.52799999999996 190.46399999999997 314.1328
245.769 296.856 183.984 306.0 338.00800000000004 184.944 306.33279999999996
246.286 332.856 143.984 304.0 348.56800000000004 186.98399999999998 303.2928
246.803 363.856 155.984 298.0 357.448 196.54399999999998 294.2128
247.32 378.856 162.984 322.0 344.16799999999995 186.10399999999998 293.8528
247.837 362.856 173.984 303.0 335.848 177.90399999999997 285.4928
248.35399999999998 339.856 175.984 302.0 333.728 173.54399999999998 281.1728
248.87099999999998 362.856 199.984 333.0 326.088 174.42399999999998 287.8128
249.388 346.856 216.984 361.0 326.168 174.82399999999998 292.8528
249.905 332.856 207.984 334.0 330.32800000000003 181.26399999999998 286.9728
250.422 299.856 211.984 309.0 314.36800000000005 184.944 285.9728
250.939 316.856 207.984 234.0 319.68800000000005 184.62399999999997 282.5728
251.45600000000002 314.856 224.984 236.0 329.36800000000005 178.26399999999998 281.6128
251.973 315.856 236.984 247.0 327.68800000000005 174.784 281.6128
252.49 337.856 182.984 293.0 330.04799999999994 171.10399999999998 283.5728
253.007 332.856 185.984 279.0 324.08799999999997 176.784 287.6128
253.524 291.856 189.984 263.0 324.528 180.90399999999997 284.2128
254.041 320.856 171.984 280.0 321.128 174.42399999999998 283.9328
254.558 350.856 145.984 300.0 322.168 171.54399999999998 282.6528
255.075 315.856 158.984 302.0 317.32800000000003 174.82399999999998 283.4928
255.59199999999998 313.856 172.984 335.0 314.648 169.504 283.1328
256.109 338.856 173.984 331.0 322.36800000000005 174.98399999999998 279.5328
256.626 343.856 163.984 302.0 319.00800000000004 172.46399999999997 275.3728
257.14300000000003 355.856 184.984 296.0 314.00800000000004 172.46399999999997 275.6528
257.65999999999997 363.856 186.984 339.0 309.68800000000005 170.86399999999998 279.3728
258.177 385.856 185.984 317.0 312.048 168.58399999999997 271.5328
258.694 427.856 157.984 322.0 309.168 164.944 270.6928
259.211 372.856 156.984 297.0 303.48800000000006 164.22400000000002 267.3728
259.728 293.856 146.984 288.0 302.00800000000004 165.584 261.9328
260.245 287.856 157.984 261.0 307.88800000000003 168.544 259.6928
260.762 305.856 180.984 251.0 304.36800000000005 165.104 252.5728
261.279 304.856 193.984 262.0 303.24800000000005 159.824 262.5728
261.796 286.856 212.984 257.0 304.728 158.544 267.9328
262.313 307.856 199.984 257.0 301.048 156.78400000000002 257.7328
262.83 302.856 160.984 266.0 304.288 161.584 259.9328
263.347 324.856 159.984 280.0 305.848 168.30399999999997 256.6928
263.86400000000003 296.856 157.984 243.0 296.848 161.66400000000002 261.2528
264.381 289.856 167.984 252.0 304.048 158.144 256.6928
264.898 272.856 170.984 247.0 298.12800000000004 158.22400000000002 257.33279999999996
265.415 264.856 152.984 226.0 293.88800000000003 158.50400000000002 254.41279999999998
265.932 292.856 171.984 242.0 296.56800000000004 163.54399999999998 257.4128
266.449 292.856 179.984 240.0 301.728 161.704 254.2928
266.966 326.856 195.984 243.0 296.76800000000003 155.704 258.89279999999997
267.483 386.856 149.984 253.0 294.68800000000005 150.144 256.45279999999997
268.0 359.856 157.984 264.0 304.00800000000004 152.34400000000002 252.4928
268.517 320.856 176.984 247.0 295.80800000000005 155.144 243.37279999999998
269.034 262.856 176.984 225.0 286.00800000000004 159.544 243.41279999999998
269.551 277.856 182.984 218.0 294.048 164.46400000000003 247.4528
270.068 267.856 156.984 225.0 288.968 161.78400000000002 249.6128
270.585 304.856 157.984 255.0 292.80800000000005 159.424 258.2128
271.102 243.856 155.984 244.0 285.968 157.74400000000003 252.0128
271.619 255.856 135.984 238.0 274.80800000000005 152.74400000000003 248.4928
272.13599999999997 262.856 165.984 235.0 275.968 149.544 247.69279999999998
272.653 281.856 178.984 224.0 276.68800000000005 149.46400000000003 247.1728
273.17 261.856 177.984 235.0 277.648 151.464 250.1728
273.687 234.856 190.984 212.0 279.92800000000005 146.984 254.65279999999998
274.204 244.856 138.984 232.0 283.44800000000004 149.904 252.4528
274.721 260.856 134.984 229.0 283.528 148.504 250.2928
275.238 289.856 153.984 221.0 283.048 148.38400000000001 255.7728
275.755 297.856 130.984 240.0 288.44800000000004 154.264 252.97279999999998
276.272 277.856 107.984 257.0 282.80800000000005 152.264 248.0528
276.789 249.856 128.984 260.0 284.648 153.944 242.0128
277.306 280.856 150.984 277.0 276.048 154.264 244.4528
277.823 289.856 161.984 286.0 274.56800000000004 161.38400000000001 249.8928
278.34000000000003 274.856 175.984 308.0 274.728 155.50400000000002 246.81279999999998
278.85699999999997 233.856 166.984 310.0 268.208 156.304 245.5728
279.374 256.856 151.984 317.0 266.68800000000005 156.984 245.8928
279.891 237.856 160.984 313.0 267.528 162.984 245.53279999999998
280.408 242.856 163.984 310.0 278.68800000000005 180.86399999999998 254.69279999999998
280.925 306.856 184.984 297.0 293.76800000000003 194.86399999999998 267.2928
281.442 342.856 187.984 357.0 299.608 211.82399999999998 284.6928
281.959 374.856 186.984 381.0 313.288 229.82399999999998 303.3728
282.476 372.856 211.984 361.0 327.24800000000005 253.944 310.6528
282.993 370.856 240.984 330.0 338.36800000000005 275.024 320.6128
283.51 424.856 236.984 304.0 363.24799999999993 294.304 334.5328
284.027 392.856 268.984 297.0 384.24799999999993 318.784 358.2928
284.544 458.856 306.984 336.0 386.36799999999994 337.184 366.45279999999997
285.06100000000004 406.856 367.984 380.0 402.12799999999993 350.86400000000003 382.0528
285.578 389.856 385.984 376.0 401.12799999999993 354.86400000000003 385.2928
286.095 360.856 374.984 360.0 409.328 358.584 401.77279999999996
286.61199999999997 381.856 352.984 385.0 419.84799999999996 369.42400000000004 416.6928
287.129 373.856 360.984 353.0 419.008 381.42400000000004 424.2128
287.646 401.856 418.984 361.0 431.96799999999996 401.904 423.77279999999996
288.163 423.856 456.984 376.0 427.64799999999997 423.98400000000004 427.4928
288.68 431.856 443.984 444.0 442.448 439.42400000000004 433.4928
289.197 425.856 423.984 452.0 444.24799999999993 452.144 442.6128
289.714 441.856 463.984 484.0 461.28799999999995 475.824 462.01279999999997
290.231 440.856 480.984 458.0 463.36799999999994 489.064 470.3728
290.748 456.856 501.984 471.0 465.24799999999993 498.184 478.4128
291.265 484.856 523.984 423.0 470.64799999999997 500.624 477.1328
291.782 475.856 550.984 456.0 476.20799999999997 511.10400000000004 469.7328
292.299 532.856 580.984 449.0 484.12799999999993 514.504 477.0528
292.81600000000003 574.856 565.984 496.0 485.16799999999995 518.384 482.5728
293.33299999999997 555.856 532.984 508.0 482.04799999999994 524.184 487.45279999999997
293.85 529.856 525.984 503.0 472.80799999999994 515.424 497.8128
294.367 513.856 459.984 496.0 472.768 514.904 500.8528
294.884 509.856 456.984 501.0 476.80799999999994 519.024 500.5328
295.401 499.856 470.984 499.0 470.40799999999996 515.344 505.01279999999997
295.918 503.856 485.984 530.0 469.84799999999996 508.664 485.5728
296.435 479.856 463.984 497.0 475.768 518.664 478.5328
296.952 458.856 449.984 451.0 468.28799999999995 503.42400000000004 479.5328
297.469 434.856 492.984 415.0 463.20799999999997 505.744 490.8128
297.986 418.856 502.984 411.0 459.92800000000005 502.824 495.7328
298.503 425.856 518.984 502.0 464.76800000000003 498.30400000000003 496.77279999999996
299.02 463.856 507.984 512.0 476.12800000000004 506.584 502.8128
299.53700000000003 467.856 507.984 522.0 478.00800000000004 499.064 495.2128
300.054 509.856 473.984 533.0 470.52799999999996 496.584 488.9328
300.571 522.856 437.984 498.0 472.528 485.98400000000004 481.5328
301.088 457.856 400.984 518.0 468.568 479.54400000000004 480.6928
301.605 450.856 420.984 487.0 456.40799999999996 469.344 488.01279999999997
302.122 453.856 359.984 513.0 454.568 461.224 472.9728
302.639 461.856 368.984 524.0 452.96799999999996 462.224 464.89279999999997
303.156 458.856 367.984 513.0 444.72799999999995 456.54400000000004 457.4928
303.673 456.856 397.984 488.0 434.64799999999997 456.10400000000004 449.4928
304.19 470.856 360.984 498.0 425.72799999999995 443.064 452.4128
304.707 468.856 353.984 452.0 427.68799999999993 428.384 446.6528
305.224 479.856 335.984 407.0 435.84799999999996 432.30400000000003 441.5328
305.741 453.856 353.984 449.0 430.08799999999997 427.344 440.4928
306.25800000000004 443.856 405.984 473.0 417.60799999999995 421.944 431.89279999999997
306.775 364.856 420.984 460.0 407.24799999999993 408.024 427.0528
307.29200000000003 380.856 373.984 479.0 407.16799999999995 397.54400000000004 419.1728
307.80899999999997 381.856 387.984 474.0 401.52799999999996 397.42400000000004 411.1728
308.326 396.856 443.984 465.0 404.04799999999994 405.42400000000004 419.0928
308.84299999999996 398.856 385.984 443.0 404.80799999999994 411.54400000000004 426.6128
309.36 362.856 371.984 418.0 406.96799999999996 405.024 423.1728
309.877 367.856 371.984 407.0 394.84799999999996 391.10400000000004 425.2528
310.394 411.856 401.984 429.0 395.768 394.42400000000004 419.9328
310.911 424.856 467.984 396.0 388.92799999999994 399.98400000000004 410.1328
311.428 375.856 409.984 435.0 393.16799999999995 398.824 411.1328
311.945 360.856 411.984 425.0 396.08799999999997 405.064 408.2128
312.462 322.856 453.984 392.0 393.40799999999996 402.264 402.9728
312.97900000000004 321.856 430.984 380.0 382.448 391.30400000000003 407.0928
313.496 411.856 447.984 392.0 384.28799999999995 393.54400000000004 413.8528
314.01300000000003 453.856 412.984 344.0 394.52799999999996 398.86400000000003 409.6528
314.53 492.856 415.984 368.0 389.04799999999994 396.344 408.2528
315.047 483.856 425.984 381.0 387.24799999999993 398.344 405.8128
315.56399999999996 458.856 429.984 379.0 393.48799999999994 399.86400000000003 405.89279999999997
316.081 412.856 404.984 332.0 392.48799999999994 395.584 398.8528
316.598 379.856 416.984 301.0 389.24799999999993 396.944 400.33279999999996
317.115 395.856 455.984 345.0 388.16799999999995 396.10400000000004 404.33279999999996
317.632 386.856 451.984 393.0 394.40799999999996 399.464 413.77279999999996
318.149 400.856 425.984 425.0 396.24799999999993 402.42400000000004 411.8128
318.666 407.856 418.984 414.0 395.60799999999995 397.54400000000004 413.77279999999996
319.183 412.856 421.984 411.0 390.52799999999996 390.584 416.4928
319.7 369.856 361.984 451.0 385.08799999999997 384.224 417.2528
320.217 343.856 362.984 431.0 384.36799999999994 386.904 407.5728
320.73400000000004 402.856 344.984 391.0 383.68799999999993 380.504 400.4128
321.251 376.856 333.984 367.0 373.768 378.024 398.4928
321.76800000000003 371.856 318.984 341.0 372.12799999999993 382.10400000000004 397.45279999999997
322.28499999999997 385.856 415.984 340.0 373.60799999999995 383.744 390.0528
322.802 383.856 390.984 346.0 383.24799999999993 382.98400000000004 392.0528
323.31899999999996 369.856 410.984 344.0 384.80799999999994 381.024 400.0528
323.836 370.856 370.984 371.0 389.20799999999997 373.584 391.8528
324.353 415.856 372.984 395.0 374.80800000000005 370.064 391.4928
324.87 405.856 390.984 419.0 372.84799999999996 376.824 394.01279999999997
325.387 397.856 401.984 414.0 372.64799999999997 375.664 405.1328
325.904 358.856 381.984 369.0 368.40799999999996 381.224 397.2528
326.421 351.856 364.984 325.0 363.328 375.184 395.4928
326.938 354.856 360.984 320.0 367.48799999999994 369.064 389.6528
327.45500000000004 381.856 364.984 345.0 379.04799999999994 366.42400000000004 385.33279999999996
327.972 368.856 420.984 380.0 384.04799999999994 366.624 388.8528
328.48900000000003 357.856 422.984 449.0 372.64799999999997 369.784 385.0528
329.006 347.856 398.984 429.0 359.92799999999994 357.86400000000003 382.6528
329.523 334.856 340.984 400.0 362.12799999999993 360.464 361.4128
330.03999999999996 380.856 331.984 400.0 359.64799999999997 352.10400000000004 369.33279999999996
330.557 380.856 318.984 372.0 358.16799999999995 349.344 361.6128
331.074 432.856 329.984 371.0 361.008 345.944 362.9728
331.591 434.856 362.984 375.0 356.768 351.144 369.5328
332.108 381.856 391.984 355.0 360.64799999999997 353.184 373.3728
332.625 367.856 385.984 357.0 355.68799999999993 348.584 374.6928
333.142 332.856 324.984 337.0 348.52799999999996 337.944 359.4128
333.659 307.856 308.984 353.0 335.12799999999993 332.904 363.2128
334.17600000000004 279.856 333.984 370.0 338.28799999999995 329.384 359.89279999999997
334.693 287.856 355.984 382.0 343.28799999999995 329.064 359.0528
335.21000000000004 341.856 378.984 364.0 354.16799999999995 331.664 355.2128
335.727 360.856 346.984 361.0 356.60799999999995 327.304 358.1728
336.244 363.856 316.984 391.0 353.168 329.904 359.2128
336.76099999999997 327.856 310.984 427.0 345.88800000000003 316.864 364.2528
337.278 311.856 290.984 364.0 341.048 317.784 361.8128
337.795 325.856 313.984 328.0 346.44800000000004 316.62399999999997 355.01279999999997
338.312 325.856 348.984 314.0 353.608 318.984 355.0528
338.829 325.856 337.984 296.0 352.68799999999993 316.304 362.33279999999996
339.346 309.856 311.984 306.0 342.12799999999993 316.50399999999996 356.6128
339.863 345.856 331.984 303.0 337.888 317.82399999999996 351.9328
340.38 319.856 308.984 325.0 338.448 326.104 350.6528
340.897 348.856 301.984 321.0 337.20799999999997 325.664 345.9328
341.414 339.856 310.984 349.0 332.72799999999995 322.424 346.33279999999996
341.93100000000004 327.856 287.984 359.0 337.40799999999996 309.224 347.8128
342.448 315.856 293.984 322.0 330.088 307.50399999999996 346.2528
342.96500000000003 337.856 287.984 320.0 332.24800000000005 321.864 341.2528
343.48199999999997 331.856 292.984 342.0 335.12799999999993 310.864 348.2128
343.999 306.856 278.984 346.0 325.008 310.18399999999997 352.2128
344.51599999999996 355.856 297.984 358.0 330.008 313.144 352.9328
345.033 415.856 295.984 350.0 334.36799999999994 313.06399999999996 352.0528
345.55 431.856 285.984 354.0 348.92799999999994 317.784 342.6528
346.067 423.856 313.984 323.0 354.36799999999994 307.74399999999997 341.0928
346.584 464.856 373.984 271.0 360.68799999999993 309.304 338.6128
347.101 439.856 386.984 294.0 362.68799999999993 303.70399999999995 341.9728
347.618 403.856 347.984 311.0 356.04799999999994 304.74399999999997 341.6528
348.135 409.856 297.984 297.0 355.888 298.984 335.2128
348.65200000000004 406.856 258.984 353.0 351.328 296.664 334.1328
349.169 395.856 236.984 321.0 360.92799999999994 294.544 340.89279999999997
349.68600000000004 386.856 276.984 325.0 363.96799999999996 296.94399999999996 344.4128
350.203 406.856 283.984 325.0 369.52799999999996 293.904 344.4128
350.72 443.856 293.984 325.0 362.568 292.82399999999996 348.7328
351.23699999999997 405.856 309.984 302.0 360.28799999999995 287.584 347.01279999999997
351.754 381.856 359.984 316.0 365.92799999999994 293.984 340.5728
352.271 364.856 353.984 333.0 354.008 298.18399999999997 340.1328
352.788 342.856 330.984 299.0 340.72799999999995 294.344 337.01279999999997
353.305 373.856 306.984 351.0 328.80799999999994 291.94399999999996 334.1728
353.822 355.856 288.984 329.0 323.48800000000006 284.38399999999996 326.5328
354.339 315.856 289.984 272.0 315.728 286.70399999999995 326.2928
354.856 256.856 286.984 285.0 316.608 289.38399999999996 330.4128
355.373 253.856 290.984 289.0 302.00800000000004 286.62399999999997 335.1728
355.89 281.856 273.984 275.0 310.608 288.304 335.9728
356.40700000000004 293.856 253.984 254.0 311.68800000000005 284.94399999999996 321.4928
356.924 345.856 261.984 278.0 319.288 291.50399999999996 324.01279999999997
357.44100000000003 343.856 291.984 284.0 324.76800000000003 288.18399999999997 315.4928
357.95799999999997 304.856 309.984 271.0 321.968 284.984 311.45279999999997
358.475 254.856 298.984 275.0 316.408 281.464 305.1728
358.99199999999996 291.856 317.984 297.0 307.44800000000004 282.50399999999996 300.4128
359.509 312.856 311.984 310.0 313.88800000000003 281.904 300.1728
360.026 313.856 276.984 314.0 317.288 281.62399999999997 302.8528
360.543 300.856 239.984 318.0 310.44800000000004 273.464 305.45279999999997
361.06 333.856 238.984 289.0 309.408 274.26399999999995 299.45279999999997
361.577 321.856 233.984 284.0 305.76800000000003 272.62399999999997 306.5328
362.094 345.856 237.984 271.0 309.76800000000003 273.304 303.1328
362.611 307.856 219.984 296.0 306.32800000000003 268.82399999999996 301.5328
363.12800000000004 301.856 254.984 304.0 310.36800000000005 266.544 303.45279999999997
363.645 366.856 265.984 288.0 305.648 260.144 295.4128
364.16200000000003 351.856 273.984 342.0 297.048 267.38399999999996 297.6128
364.679 348.856 248.984 303.0 295.048 271.06399999999996 293.45279999999997
365.196 298.856 203.984 327.0 298.48800000000006 256.104 292.0928
365.71299999999997 295.856 224.984 325.0 297.32800000000003 265.904 285.5328
366.23 265.856 211.984 316.0 292.80800000000005 269.104 283.2528
366.747 250.856 201.984 304.0 289.48800000000006 267.464 284.9328
367.264 283.856 195.984 320.0 289.088 261.18399999999997 289.77279999999996
367.781 310.856 220.984 305.0 287.76800000000003 260.424 296.3728
368.298 326.856 213.984 266.0 293.80800000000005 258.74399999999997 301.6928
368.815 382.856 220.984 257.0 295.728 256.104 307.8528
369.332 359.856 256.984 229.0 295.048 253.784 298.45279999999997
369.849 325.856 295.984 243.0 294.36800000000005 255.664 281.1728
370.366 360.856 299.984 237.0 293.408 253.46399999999997 280.8528
370.88300000000004 357.856 283.984 276.0 298.608 256.26399999999995 282.4928
371.4 354.856 254.984 281.0 297.728 260.464 283.8128
371.91700000000003 315.856 269.984 278.0 288.88800000000003 270.024 287.45279999999997
372.43399999999997 287.856 288.984 282.0 283.608 278.06399999999996 288.89279999999997
372.951 281.856 286.984 280.0 284.848 273.984 282.7328
373.468 293.856 287.984 248.0 279.48800000000006 267.38399999999996 288.7328
373.985 314.856 282.984 236.0 287.168 262.50399999999996 281.6528
374.502 311.856 277.984 263.0 285.608 260.584 283.0528
375.019 321.856 259.984 276.0 282.32800000000003 254.10399999999998 281.2528
375.536 304.856 283.984 274.0 278.728 249.504 274.2128
376.053 259.856 282.984 243.0 283.00800000000004 244.30399999999997 273.2928
376.57 260.856 268.984 220.0 277.44800000000004 244.224 270.0928
377.087 305.856 253.984 254.0 277.408 239.10399999999998 267.2528
377.60400000000004 311.856 217.984 274.0 275.88800000000003 241.14399999999998 273.9328
378.121 299.856 206.984 293.0 278.00800000000004 244.86399999999998 281.1328
378.63800000000003 269.856 199.984 310.0 279.32800000000003 237.504 281.4128
379.155 295.856 219.984 279.0 279.12800000000004 237.384 278.33279999999996
379.672 282.856 245.984 268.0 278.968 236.42399999999998 279.2128
380.18899999999996 319.856 250.984 273.0 278.848 233.14399999999998 271.33279999999996
380.706 295.856 260.984 264.0 279.528 229.384 266.4128
381.223 272.856 271.984 271.0 277.048 225.18399999999997 266.3728
381.74 276.856 306.984 277.0 279.648 227.90399999999997 272.2528
382.257 295.856 306.984 273.0 276.728 229.14399999999998 268.0928
382.774 296.856 277.984 282.0 266.68800000000005 238.224 264.8528
383.291 285.856 252.984 260.0 265.048 238.82399999999998 263.1728
383.808 265.856 215.984 262.0 265.48800000000006 236.944 259.33279999999996
384.32500000000005 252.856 256.984 249.0 268.968 231.02399999999997 258.2528
384.842 252.856 252.984 239.0 269.728 228.46399999999997 258.8128
385.35900000000004 259.856 240.984 220.0 269.44800000000004 228.18399999999997 260.5728
385.876 252.856 204.984 194.0 265.208 226.10399999999998 254.4928
386.39300000000003 217.856 228.984 207.0 263.20799999999997 234.42399999999998 261.4928
386.90999999999997 203.856 249.984 233.0 262.688 234.34399999999997 260.89279999999997
387.427 237.856 257.984 248.0 267.648 228.18399999999997 261.9728
387.944 254.856 251.984 220.0 265.048 221.86399999999998 260.9328
388.461 225.856 244.984 219.0 261.92800000000005 220.74399999999997 253.9328
388.978 201.856 232.984 252.0 257.728 217.98399999999998 253.53279999999998
389.495 207.856 222.984 251.0 259.408 219.784 262.1328
390.012 227.856 216.984 267.0 266.44800000000004 221.90399999999997 256.89279999999997
390.529 215.856 224.984 262.0 257.36800000000005 222.90399999999997 249.8528
391.046 247.856 205.984 250.0 252.44800000000004 221.224 249.25279999999998
391.563 252.856 195.984 243.0 250.56800000000004 213.504 252.3328
392.08000000000004 249.856 231.984 237.0 251.60800000000003 220.14399999999998 247.3328
392.597 241.856 272.984 232.0 249.08800000000002 221.14399999999998 248.2128
393.11400000000003 250.856 266.984 270.0 252.00800000000004 214.784 249.09279999999998
393.631 254.856 241.984 238.0 248.12800000000004 213.504 243.5728
394.148 254.856 220.984 225.0 250.80800000000002 220.90399999999997 242.0128
394.66499999999996 276.856 242.984 219.0 256.528 227.02399999999997 244.2128
395.182 254.856 231.984 229.0 255.96800000000002 223.14399999999998 241.53279999999998
395.699 263.856 253.984 243.0 262.48800000000006 218.02399999999997 244.69279999999998
396.216 239.856 262.984 247.0 263.048 212.26399999999998 247.69279999999998
396.733 237.856 233.984 234.0 260.32800000000003 211.18399999999997 242.8528
397.25 262.856 242.984 222.0 258.608 216.46399999999997 243.9328
397.767 229.856 213.984 291.0 252.12800000000004 209.74399999999997 248.97279999999998
398.284 243.856 213.984 283.0 251.36800000000002 216.54399999999998 252.3328
398.80100000000004 251.856 195.984 273.0 256.848 227.70399999999998 257.89279999999997
399.318 225.856 187.984 247.0 252.84800000000004 221.784 257.5728
399.83500000000004 259.856 224.984 249.0 257.608 211.90399999999997 251.8928
400.352 287.856 234.984 242.0 255.56800000000004 208.62399999999997 251.2928
400.869 274.856 234.984 233.0 255.88800000000003 205.86399999999998 244.5728
401.38599999999997 222.856 225.984 277.0 262.648 203.86399999999998 242.7728
401.903 201.856 248.984 255.0 259.968 201.384 241.4528
402.42 188.856 246.984 271.0 251.04800000000003 204.82399999999998 244.41279999999998
402.937 207.856 219.984 284.0 246.12800000000004 205.944 246.7728
403.454 244.856 217.984 252.0 241.96800000000002 208.06399999999996 243.3328
403.971 238.856 224.984 212.0 242.12800000000004 202.70399999999998 237.2928
404.488 242.856 211.984 246.0 244.24800000000002 197.10399999999998 236.81279999999998
405.005 226.856 209.984 247.0 232.40800000000002 201.90399999999997 243.1728
405.522 245.856 186.984 254.0 234.44800000000004 200.14399999999998 243.09279999999998
406.039 247.856 181.984 272.0 228.96800000000002 203.70399999999998 240.53279999999998
406.55600000000004 260.856 204.984 257.0 234.60800000000003 200.86399999999998 236.6128
407.073 249.856 196.984 254.0 236.24800000000002 203.62399999999997 236.41279999999998
407.59000000000003 257.856 219.984 220.0 239.48800000000003 212.74399999999997 231.81279999999998
408.10699999999997 254.856 218.984 203.0 234.248 211.14399999999998 229.3328
408.624 269.856 212.984 205.0 234.80800000000002 206.82399999999998 228.6128
409.14099999999996 229.856 185.984 228.0 235.20800000000003 203.34399999999997 229.0528
409.658 208.856 167.984 244.0 234.00800000000004 198.86399999999998 229.2128
410.175 209.856 202.984 258.0 230.08800000000002 197.54399999999998 235.4928
410.692 239.856 191.984 233.0 231.88800000000003 188.62399999999997 230.25279999999998
411.209 228.856 233.984 215.0 233.00800000000004 193.18399999999997 232.13279999999997
411.726 205.856 198.984 201.0 228.84800000000004 192.18399999999997 240.5728
412.243 190.856 220.984 176.0 227.48800000000003 188.46399999999997 237.1728
412.76 194.856 177.984 208.0 228.08800000000002 186.34399999999997 239.13279999999997
413.27700000000004 191.856 176.984 220.0 231.16800000000003 187.504 232.65279999999998
413.794 239.856 171.984 257.0 233.28800000000004 190.74399999999997 229.09279999999998
414.31100000000004 248.856 179.984 235.0 235.168 192.90399999999997 231.8928
414.828 270.856 173.984 233.0 230.48800000000003 195.30399999999997 224.69279999999998
415.345 248.856 180.984 266.0 231.128 191.70399999999998 220.2928
415.86199999999997 242.856 229.984 257.0 232.408 195.06399999999996 229.5728
416.379 263.856 216.984 270.0 229.04800000000003 194.10399999999998 235.0128
416.896 240.856 208.984 256.0 228.04800000000003 192.58399999999997 233.25279999999998
417.413 248.856 201.984 264.0 229.96800000000002 191.224 228.37279999999998
417.93 245.856 203.984 241.0 227.84800000000004 184.784 216.4528
418.447 241.856 207.984 257.0 223.76800000000003 181.58399999999997 218.3328
418.964 229.856 172.984 226.0 231.92800000000003 177.504 212.25279999999998
419.481 217.856 174.984 184.0 230.12800000000004 179.98399999999998 209.8528
419.99800000000005 230.856 137.984 170.0 234.12800000000004 182.02399999999997 208.97279999999998
420.515 216.856 159.984 167.0 228.48800000000003 188.90399999999997 212.65279999999998
421.03200000000004 245.856 164.984 163.0 230.04800000000003 183.384 214.1728
421.549 235.856 179.984 161.0 227.24800000000002 177.02399999999997 215.8528
422.06600000000003 241.856 165.984 168.0 220.68800000000002 178.58399999999997 212.1728
422.58299999999997 230.856 126.984 244.0 214.72800000000004 179.10399999999998 212.53279999999998
423.1 193.856 137.984 239.0 206.68800000000002 175.58399999999997 216.13279999999997
423.617 176.856 120.984 205.0 212.56800000000004 173.42399999999998 216.3328
424.134 196.856 160.984 234.0 211.56800000000004 173.18399999999997 214.41279999999998
424.651 202.856 171.984 224.0 209.88800000000003 177.944 221.5728
425.168 197.856 169.984 188.0 215.96800000000002 173.504 218.65279999999998
425.685 192.856 177.984 205.0 211.56800000000004 171.98399999999998 217.5728
426.202 225.856 171.984 201.0 215.20800000000003 174.14399999999998 213.4528
426.719 230.856 157.984 199.0 218.32800000000003 175.70399999999998 209.0128
427.236 225.856 186.984 231.0 220.00800000000004 175.784 208.0128
427.75300000000004 238.856 163.984 261.0 211.80800000000002 170.424 208.9328
428.27 236.856 141.984 240.0 214.00800000000004 162.584 202.7328
428.78700000000003 265.856 165.984 249.0 209.40800000000002 165.544 204.0528
429.304 270.856 155.984 233.0 207.36800000000002 166.144 203.7328
429.821 261.856 151.984 238.0 209.68800000000002 166.06400000000002 209.13279999999997
430.33799999999997 247.856 178.984 220.0 221.80800000000002 167.22400000000002 204.2928
430.855 261.856 167.984 198.0 220.56800000000004 165.584 195.4528
431.372 242.856 177.984 194.0 215.36800000000002 169.664 202.09279999999998
431.889 193.856 194.984 188.0 205.20800000000003 165.864 205.37279999999998
432.406 215.856 207.984 158.0 211.84800000000004 168.784 206.41279999999998
432.923 230.856 212.984 180.0 210.12800000000004 169.424 202.5728
433.44 196.856 223.984 167.0 200.44800000000004 169.30399999999997 195.97279999999998
433.957 193.856 182.984 165.0 199.00800000000004 164.504 188.65279999999998
434.474 186.856 179.984 164.0 191.76800000000003 162.424 190.1728
434.991 170.856 164.984 160.0 196.56800000000004 163.62400000000002 191.8928
435.508 193.856 189.984 198.0 205.76800000000003 163.50400000000002 198.5728
436.025 215.856 224.984 238.0 212.80800000000002 160.984 202.09279999999998
436.54200000000003 210.856 206.984 243.0 220.28800000000004 165.264 198.13279999999997
437.059 169.856 174.984 258.0 210.48800000000003 158.024 193.6128
437.576 220.856 148.984 284.0 206.36800000000002 158.62400000000002 189.65279999999998
438.093 209.856 138.984 242.0 201.12800000000004 160.46400000000003 194.0128
438.61 222.856 151.984 209.0 201.88800000000003 155.664 191.1728
439.127 241.856 162.984 175.0 205.20800000000003 159.344 192.2128
439.644 226.856 133.984 198.0 206.20800000000003 166.74399999999997 193.1728
440.161 203.856 139.984 204.0 200.24800000000002 158.38400000000001 198.7328
440.678 213.856 166.984 192.0 200.16800000000003 155.94400000000002 196.8928
441.195 191.856 153.984 206.0 208.08800000000002 159.90400000000002 191.7728
441.712 188.856 156.984 188.0 210.12800000000004 157.54399999999998 191.65279999999998
442.229 193.856 189.984 161.0 209.00800000000004 157.54399999999998 196.81279999999998
442.746 195.856 207.984 174.0 202.84800000000004 152.94400000000002 198.81279999999998
443.26300000000003 217.856 180.984 186.0 198.60800000000003 152.024 196.8928
443.78000000000003 201.856 137.984 201.0 194.16800000000003 159.024 197.65279999999998
444.297 201.856 123.984 193.0 196.32800000000003 160.74400000000003 199.4928
444.814 209.856 148.984 181.0 191.52800000000002 159.024 195.2928
445.331 226.856 171.984 177.0 192.08800000000002 154.984 193.81279999999998
445.848 234.856 170.984 204.0 193.36800000000002 152.62400000000002 187.41279999999998
446.365 230.856 160.984 166.0 195.16800000000003 148.50400000000002 188.09279999999998
446.882 223.856 139.984 148.0 193.28800000000004 148.024 189.65279999999998
447.399 232.856 157.984 136.0 187.08800000000002 146.22400000000002 188.53279999999998
447.916 193.856 169.984 143.0 184.80800000000002 145.584 193.53279999999998
448.433 192.856 197.984 174.0 190.84800000000004 152.544 198.4528
448.95 159.856 221.984 179.0 190.44800000000004 153.104 197.9328
449.467 184.856 175.984 164.0 192.92800000000003 147.74400000000003 195.65279999999998
449.984 214.856 190.984 188.0 184.80800000000002 145.62400000000002 185.37279999999998
450.50100000000003 204.856 188.984 220.0 188.12800000000004 148.424 183.1728
451.01800000000003 227.856 184.984 171.0 193.04800000000003 150.304 183.3328
451.535 197.856 178.984 156.0 187.32800000000003 146.66400000000002 185.5728
452.052 185.856 164.984 158.0 188.20800000000003 146.34400000000002 192.1728
452.569 162.856 127.984 181.0 181.76800000000003 150.46400000000003 185.2928
453.086 150.856 122.984 168.0 184.88800000000003 152.18400000000003 180.6128
453.603 162.856 113.984 185.0 184.68800000000002 151.584 181.1728
454.12 155.856 127.984 163.0 186.12800000000004 144.144 176.2928
454.637 173.856 143.984 151.0 192.60800000000003 151.50400000000002 181.37279999999998
455.154 170.856 141.984 185.0 190.48800000000003 149.66400000000002 181.69279999999998
455.671 157.856 155.984 181.0 184.04800000000003 146.464 183.0528
456.188 157.856 169.984 199.0 179.80800000000002 148.384 176.6128
456.705 160.856 143.984 187.0 177.32800000000003 144.184 171.7328
457.222 185.856 143.984 166.0 177.40800000000002 137.06400000000002 168.9328
457.73900000000003 166.856 137.984 159.0 176.52800000000002 139.50400000000002 173.6128
458.25600000000003 196.856 158.984 180.0 180.84800000000004 138.22400000000002 176.97279999999998
458.773 175.856 156.984 153.0 185.12800000000004 139.304 170.41279999999998
459.29 191.856 172.984 156.0 187.84800000000004 141.664 171.4928
459.807 189.856 148.984 154.0 183.88800000000003 147.22400000000002 173.2928
460.324 224.856 114.984 175.0 183.92800000000003 138.944 174.9328
460.841 227.856 99.984 221.0 186.52800000000002 141.224 174.8928
461.358 206.856 112.984 207.0 188.40800000000002 135.38400000000001 174.8528
461.875 213.856 91.984 191.0 183.28800000000004 138.78400000000002 177.69279999999998
462.392 223.856 123.984 176.0 172.44800000000004 136.584 173.65279999999998
462.909 212.856 132.984 167.0 170.248 136.264 175.9328
463.426 177.856 142.984 152.0 174.08800000000002 138.18400000000003 179.1728
463.943 174.856 117.984 159.0 173.68800000000002 135.264 176.4928
464.46 168.856 123.984 150.0 171.808 132.784 171.97279999999998
464.97700000000003 175.856 136.984 180.0 167.808 134.184 171.7328
465.494 176.856 142.984 185.0 167.72799999999998 131.984 167.4928
466.011 168.856 162.984 187.0 164.648 135.34400000000002 165.97279999999998
466.528 188.856 158.984 182.0 172.24800000000002 134.78400000000002 168.25279999999998
467.045 208.856 149.984 169.0 169.84800000000004 135.144 170.65279999999998
467.562 185.856 152.984 176.0 171.648 139.18400000000003 172.2128
468.079 205.856 119.984 178.0 170.528 141.06400000000002 169.8928
468.596 185.856 118.984 200.0 167.768 137.544 168.2128
469.113 153.856 134.984 185.0 174.64800000000002 138.06400000000002 168.6128
469.63 130.856 119.984 171.0 172.28800000000004 136.144 170.13279999999997
470.147 137.856 111.984 176.0 172.16800000000003 128.22400000000002 166.81279999999998
470.664 160.856 132.984 182.0 168.968 130.34400000000002 162.7328
471.181 167.856 115.984 208.0 165.72799999999998 130.66400000000002 157.7328
471.698 165.856 135.984 172.0 161.368 137.62400000000002 160.3328
472.21500000000003 170.856 148.984 152.0 159.528 136.46400000000003 162.3328
472.732 165.856 139.984 160.0 165.248 131.704 163.1728
473.249 154.856 142.984 150.0 165.328 128.584 164.1728
473.766 140.856 139.984 180.0 167.84799999999998 130.224 165.1728
474.283 161.856 127.984 189.0 169.128 126.944 162.4928
474.8 166.856 129.984 192.0 167.968 124.66400000000002 160.2128
475.317 167.856 112.984 200.0 170.528 127.90400000000001 159.37279999999998
475.834 183.856 123.984 162.0 169.208 131.94400000000002 156.7328
476.351 189.856 139.984 164.0 165.928 132.584 159.0528
476.868 186.856 143.984 163.0 164.208 126.86399999999999 153.7728
477.385 189.856 112.984 191.0 162.528 127.42400000000002 153.97279999999998
477.902 137.856 117.984 174.0 162.048 127.86400000000002 155.7328
478.419 122.856 109.984 130.0 158.368 125.064 156.4528
478.936 127.856 132.984 122.0 160.368 121.744 151.8528
479.45300000000003 141.856 139.984 119.0 162.808 126.06400000000002 155.6128
479.97 129.856 142.984 116.0 165.168 119.58400000000002 155.6128
480.487 120.856 107.984 110.0 168.84799999999998 120.824 157.2128
481.004 143.856 111.984 112.0 162.64800000000002 117.824 158.65279999999998
481.521 180.856 124.984 144.0 161.64800000000002 120.50399999999999 160.25279999999998
482.038 179.856 122.984 147.0 158.888 119.26400000000001 158.25279999999998
482.555 185.856 142.984 141.0 163.84799999999998 120.74400000000001 152.69279999999998
483.072 189.856 157.984 111.0 159.728 125.74400000000001 149.3328
483.589 191.856 171.984 136.0 164.088 127.30400000000002 151.2128
484.106 178.856 159.984 130.0 161.08800000000002 126.06400000000002 146.1728
484.623 162.856 162.984 123.0 162.328 126.46400000000001 146.25279999999998
485.14 158.856 164.984 150.0 157.288 124.78400000000002 146.09279999999998
485.657 158.856 147.984 154.0 160.008 117.22399999999999 145.7328
486.17400000000004 162.856 147.984 175.0 156.728 118.42400000000002 153.4528
486.69100000000003 131.856 142.984 161.0 159.488 122.66400000000002 155.7328
487.208 152.856 169.984 145.0 154.448 124.54400000000001 157.65279999999998
487.725 135.856 143.984 134.0 156.808 122.704 152.1728
488.242 139.856 148.984 137.0 151.00799999999998 120.744 149.97279999999998
488.759 128.856 112.984 168.0 151.68800000000002 119.944 153.0128
489.276 145.856 107.984 191.0 150.36800000000002 118.024 151.1728
489.793 178.856 108.984 209.0 146.368 116.78399999999999 155.5728
490.31 173.856 138.984 170.0 147.68800000000002 118.064 153.13279999999997
490.827 148.856 134.984 186.0 149.568 117.78399999999999 155.25279999999998
491.344 172.856 129.984 196.0 152.40800000000002 115.704 149.53279999999998
491.861 189.856 144.984 194.0 156.448 119.464 147.7728
492.378 138.856 156.984 173.0 155.888 118.904 146.25279999999998
492.895 126.856 172.984 164.0 162.40800000000002 118.984 146.0128
493.41200000000003 109.856 158.984 142.0 154.288 120.024 147.6128
493.92900000000003 148.856 130.984 140.0 151.168 120.184 144.69279999999998
494.446 176.856 124.984 120.0 148.768 117.264 142.4528
494.963 175.856 129.984 130.0 153.40800000000002 115.22399999999999 145.81279999999998
495.48 147.856 125.984 136.0 144.848 112.744 143.9328
495.997 157.856 119.984 150.0 147.008 112.304 135.4528
496.514 169.856 111.984 144.0 141.12800000000001 108.664 141.4528
497.031 175.856 112.984 140.0 144.608 115.944 138.3328
497.548 139.856 90.984 130.0 146.008 113.82400000000001 139.0528
498.065 138.856 115.984 122.0 145.848 114.78399999999999 144.41279999999998
498.582 129.856 132.984 113.0 149.08800000000002 115.34400000000001 154.5728
499.099 127.856 123.984 109.0 150.568 112.70400000000001 143.5728
499.616 135.856 127.984 123.0 152.40800000000002 113.384 145.8528
500.133 138.856 132.984 135.0 149.768 111.104 146.7328
500.65000000000003 155.856 115.984 134.0 147.608 113.024 145.2928
501.16700000000003 113.856 130.984 130.0 146.208 118.904 145.7728
501.684 137.856 114.984 132.0 147.888 117.86399999999999 140.7328
502.201 131.856 139.984 131.0 147.328 113.064 142.13279999999997
502.718 133.856 132.984 156.0 144.888 108.78399999999999 134.8528
503.235 131.856 121.984 129.0 137.168 106.064 133.6128
503.752 123.856 105.984 118.0 140.008 104.624 133.6128
504.269 101.856 124.984 108.0 137.40800000000002 107.78399999999999 135.5728
504.786 117.856 123.984 138.0 134.768 110.744 134.9328
505.303 142.856 119.984 161.0 141.608 111.544 133.8928
505.82 155.856 111.984 167.0 133.288 112.824 136.0528
506.337 130.856 81.984 164.0 135.728 113.024 138.13279999999997
506.854 123.856 127.984 166.0 139.36800000000002 112.624 140.0528
507.371 118.856 95.984 140.0 137.80800000000002 117.304 139.1728
507.88800000000003 117.856 81.984 142.0 137.44799999999998 112.22399999999999 139.6128
508.40500000000003 140.856 91.984 196.0 144.168 109.86399999999999 145.37279999999998
508.922 121.856 95.984 149.0 135.08800000000002 107.66400000000002 138.53279999999998
509.439 119.856 119.984 129.0 132.488 104.26400000000001 138.1728
509.956 127.856 83.984 134.0 135.168 102.90400000000001 129.13279999999997
510.473 125.856 115.984 124.0 136.208 110.18400000000001 127.01279999999998
510.99 132.856 109.984 129.0 139.568 107.544 128.37279999999998
511.507 118.856 112.984 113.0 136.52800000000002 106.22399999999999 132.53279999999998
512.024 135.856 141.984 111.0 135.96800000000002 112.78399999999999 127.93279999999999
512.5409999999999 162.856 140.984 113.0 133.00799999999998 112.904 127.73279999999998
513.058 155.856 173.984 149.0 136.528 111.544 128.0128
513.575 145.856 143.984 142.0 135.368 100.264 129.2928
514.092 116.856 110.984 146.0 141.048 97.544 131.97279999999998
514.6089999999999 130.856 123.984 136.0 145.488 97.22399999999999 126.97279999999999
515.126 145.856 114.984 134.0 135.28799999999998 98.464 127.37279999999998
515.643 134.856 93.984 133.0 130.28799999999998 105.344 132.25279999999998
516.1600000000001 132.856 93.984 112.0 134.648 106.704 130.3328
516.677 126.856 113.984 114.0 137.128 114.184 133.0528
517.194 111.856 107.984 94.0 132.168 105.904 130.5728
517.711 109.856 104.984 80.0 136.44799999999998 101.624 128.65279999999998
518.2280000000001 114.856 109.984 96.0 133.208 99.704 137.2928
518.745 142.856 118.984 109.0 132.96800000000002 99.344 135.7328
519.262 176.856 108.984 116.0 134.888 96.704 137.6128
519.779 175.856 109.984 115.0 131.768 96.344 132.9328
520.296 163.856 89.984 98.0 134.64800000000002 95.264 125.6128
520.8130000000001 136.856 78.984 97.0 132.528 100.50400000000002 124.5328
521.33 119.856 95.984 129.0 130.808 97.86399999999999 125.01279999999998
521.847 140.856 109.984 147.0 132.44799999999998 92.50399999999999 126.81279999999998
522.364 160.856 113.984 151.0 138.088 94.024 128.65279999999998
522.8810000000001 148.856 88.984 116.0 133.80800000000002 88.904 126.77279999999999
523.398 166.856 128.984 102.0 135.888 94.384 117.29279999999999
523.915 168.856 116.984 88.0 135.40800000000002 98.664 119.57279999999999
524.432 186.856 107.984 87.0 132.968 97.664 118.41279999999999
524.9490000000001 169.856 86.984 123.0 135.52800000000002 94.104 123.6128
525.466 169.856 72.984 120.0 136.888 92.78399999999999 125.13279999999999
525.9830000000001 135.856 90.984 134.0 134.80800000000002 102.22399999999999 125.45279999999998
526.5 115.856 101.984 136.0 133.008 102.464 122.13279999999999
527.017 127.856 100.984 133.0 134.488 98.064 119.85279999999999
527.5340000000001 113.856 100.984 126.0 130.728 94.50399999999999 119.21279999999999
528.051 135.856 123.984 147.0 134.288 97.14399999999999 114.2528
528.568 148.856 108.984 148.0 135.368 97.624 116.41279999999999
529.085 157.856 96.984 135.0 130.40800000000002 96.464 123.1728
529.6020000000001 164.856 100.984 129.0 132.288 99.704 126.1728
530.119 168.856 100.984 125.0 136.328 101.664 124.37279999999998
530.636 159.856 131.984 118.0 136.248 106.46400000000001 124.41279999999999
531.153 172.856 124.984 101.0 137.44799999999998 107.54400000000001 125.93279999999999
531.6700000000001 168.856 149.984 130.0 137.28799999999998 107.90400000000001 128.0128
532.187 171.856 150.984 153.0 141.568 105.104 134.4528
532.704 165.856 124.984 136.0 142.248 103.104 128.13279999999997
533.221 197.856 102.984 133.0 149.648 100.904 129.2128
533.738 164.856 93.984 147.0 143.40800000000002 105.944 139.09279999999998
534.2550000000001 153.856 94.984 153.0 147.40800000000002 109.22399999999999 134.25279999999998
534.772 160.856 119.984 156.0 141.408 106.78399999999999 132.37279999999998
535.289 161.856 140.984 152.0 141.368 105.624 131.8528
535.806 157.856 126.984 132.0 143.488 107.70400000000001 134.2928
536.3230000000001 151.856 111.984 117.0 148.64800000000002 111.62400000000001 136.1728
536.84 127.856 87.984 81.0 145.128 108.90400000000001 132.53279999999998
537.357 165.856 94.984 93.0 148.68800000000002 106.064 133.25279999999998
537.874 162.856 74.984 126.0 156.048 108.22399999999999 136.2128
538.3910000000001 151.856 86.984 120.0 155.008 107.22399999999999 137.8528
538.908 146.856 63.984 123.0 149.52800000000002 104.544 139.8928
539.425 143.856 95.984 118.0 148.048 106.264 135.6128
539.942 136.856 118.984 131.0 147.288 113.86399999999999 134.4928
540.4590000000001 145.856 124.984 128.0 149.008 112.984 130.7728
540.9760000000001 190.856 126.984 184.0 145.64800000000002 111.984 134.25279999999998
541.493 197.856 104.984 183.0 148.608 107.744 139.41279999999998
542.01 193.856 115.984 199.0 143.888 108.384 142.0528
542.527 162.856 113.984 187.0 150.928 108.584 135.37279999999998
543.0440000000001 170.856 110.984 168.0 147.56799999999998 112.344 132.4528
543.561 181.856 119.984 174.0 146.928 108.78399999999999 131.2928
544.078 177.856 108.984 167.0 144.208 106.464 130.97279999999998
544.595 146.856 100.984 148.0 143.728 108.824 131.8928
545.1120000000001 137.856 117.984 141.0 138.168 108.184 132.41279999999998
545.629 159.856 127.984 130.0 135.368 105.024 132.6128
546.146 148.856 128.984 133.0 135.888 104.104 133.0128
546.663 128.856 99.984 143.0 135.72799999999998 97.664 127.29279999999999
547.1800000000001 119.856 120.984 137.0 137.84799999999998 102.824 129.1728
547.6970000000001 141.856 132.984 141.0 135.048 104.384 131.97279999999998
548.214 168.856 108.984 125.0 138.36800000000002 109.024 129.8928
548.731 161.856 118.984 114.0 141.448 113.664 131.4528
549.248 170.856 116.984 121.0 140.328 109.78399999999999 130.81279999999998
549.7650000000001 180.856 100.984 129.0 141.808 106.264 128.3328
550.282 173.856 107.984 118.0 136.28799999999998 107.264 133.2928
550.799 149.856 121.984 95.0 134.048 103.904 134.7328
551.316 146.856 115.984 121.0 126.728 100.904 132.9328
551.8330000000001 133.856 124.984 134.0 124.208 97.664 125.29279999999999
552.35 133.856 122.984 116.0 129.368 98.22399999999999 124.57279999999999
552.867 155.856 107.984 131.0 136.368 97.544 126.29279999999999
553.384 148.856 89.984 106.0 132.528 94.904 121.05279999999999
553.9010000000001 137.856 79.984 109.0 121.04799999999999 97.78399999999999 121.13279999999999
554.418 161.856 97.984 115.0 122.568 96.064 122.97279999999999
554.9350000000001 190.856 115.984 147.0 133.28799999999998 91.344 126.41279999999999
555.452 176.856 111.984 156.0 131.84799999999998 93.22399999999999 125.6128
555.969 161.856 132.984 131.0 136.128 93.22399999999999 124.1728
556.4860000000001 162.856 114.984 126.0 132.96800000000002 93.22399999999999 126.49279999999999
557.003 182.856 113.984 131.0 131.72799999999998 96.064 127.85279999999999
557.52 148.856 114.984 117.0 123.488 100.584 129.4928
558.037 129.856 99.984 99.0 124.488 97.42399999999999 124.5328
558.5540000000001 103.856 105.984 91.0 127.488 100.22399999999999 126.41279999999999
559.071 102.856 118.984 96.0 133.528 98.904 124.45279999999998
559.588 105.856 138.984 112.0 130.84799999999998 99.384 130.37279999999998
560.105 115.856 146.984 121.0 130.64800000000002 97.26400000000001 130.6128
560.6220000000001 146.856 122.984 139.0 128.768 93.78399999999999 128.6128
561.139 126.856 120.984 130.0 129.768 91.26400000000001 126.85279999999999
561.6560000000001 143.856 122.984 132.0 133.40800000000002 92.14399999999999 119.85279999999999
562.173 158.856 106.984 145.0 128.408 94.584 122.8928
562.69 159.856 138.984 158.0 121.808 100.184 126.49279999999999
563.2070000000001 178.856 132.984 167.0 129.448 101.78399999999999 128.5728
563.724 175.856 143.984 160.0 127.20800000000001 104.78399999999999 130.8528
564.241 169.856 116.984 152.0 125.68800000000002 97.584 124.65279999999998
564.758 157.856 88.984 109.0 124.96800000000002 95.384 120.13279999999999
565.2750000000001 132.856 117.984 103.0 125.40800000000002 92.624 117.37279999999998
565.792 130.856 111.984 107.0 129.728 93.104 116.85279999999999
566.309 159.856 114.984 103.0 132.28799999999998 94.304 120.2528
566.826 168.856 93.984 128.0 129.088 93.42399999999999 121.01279999999998
567.3430000000001 163.856 101.984 126.0 128.44799999999998 96.024 123.85279999999999
567.86 139.856 91.984 110.0 129.688 95.264 121.2528
568.377 108.856 103.984 106.0 126.008 90.984 115.8928
568.894 126.856 89.984 113.0 126.60799999999999 86.624 118.1728
569.4110000000001 153.856 77.984 109.0 124.888 91.50399999999999 121.29279999999999
569.9280000000001 158.856 86.984 89.0 123.12799999999999 90.744 116.85279999999999
570.445 129.856 97.984 101.0 130.608 91.944 117.09279999999998
570.962 121.856 103.984 136.0 133.248 92.78399999999999 122.97279999999999
571.479 146.856 115.984 139.0 132.208 95.944 119.41279999999999
571.9960000000001 117.856 95.984 119.0 131.808 94.464 122.21279999999999
572.513 144.856 98.984 119.0 127.488 98.464 120.1728
573.03 154.856 96.984 143.0 121.16799999999999 98.824 118.57279999999999
573.547 158.856 97.984 128.0 125.16799999999999 96.944 116.41279999999999
574.0640000000001 155.856 108.984 132.0 125.52799999999999 92.304 117.29279999999999
574.581 148.856 89.984 146.0 125.40800000000002 92.384 115.49279999999999
575.098 166.856 86.984 113.0 121.48800000000001 84.42399999999999 117.6128
575.615 169.856 93.984 112.0 122.04800000000002 81.064 114.57279999999999
576.1320000000001 160.856 94.984 110.0 127.32800000000002 88.86400000000002 114.21279999999999
576.6490000000001 120.856 118.984 93.0 124.168 94.464 110.45279999999998
577.166 105.856 141.984 82.0 123.60799999999999 94.94400000000002 111.01279999999998
577.683 126.856 90.984 92.0 124.288 91.064 115.01279999999998
578.2 129.856 76.984 104.0 127.24799999999999 86.304 121.85279999999999
578.7170000000001 115.856 67.984 109.0 126.08800000000001 88.904 121.73279999999998
579.234 128.856 60.984 130.0 127.68800000000002 87.824 120.37279999999998
579.751 137.856 87.984 114.0 125.208 94.904 113.1728
580.268 105.856 74.984 112.0 123.488 95.824 111.73279999999998
580.7850000000001 126.856 80.984 112.0 123.88799999999999 91.344 109.45279999999998
581.302 112.856 99.984 104.0 121.12799999999999 90.544 111.97279999999999
581.819 118.856 110.984 97.0 123.12799999999999 89.74400000000001 112.8928
582.336 130.856 111.984 112.0 123.16799999999999 90.50399999999999 111.45279999999998
582.8530000000001 117.856 116.984 107.0 125.488 87.14399999999999 113.45279999999998
583.3700000000001 117.856 108.984 120.0 120.488 89.064 115.09279999999998
583.8870000000001 109.856 95.984 144.0 116.88799999999999 91.22399999999999 119.97279999999999
584.404 98.856 88.984 140.0 119.32799999999999 90.264 112.93279999999999
584.921 107.856 102.984 144.0 120.60799999999999 88.944 112.33279999999999
585.4380000000001 104.856 79.984 133.0 116.68799999999999 87.78399999999999 106.57279999999999
585.955 135.856 67.984 121.0 119.368 85.104 105.33279999999999
586.472 110.856 82.984 132.0 117.12799999999999 87.584 105.21279999999999
586.989 101.856 67.984 140.0 112.208 87.104 114.49279999999999
587.5060000000001 70.856 80.984 125.0 118.288 93.86399999999999 115.5328
588.023 107.856 88.984 125.0 115.368 87.304 117.45279999999998
588.54 121.856 87.984 117.0 112.16799999999999 85.104 112.49279999999999
589.057 145.856 100.984 99.0 115.16799999999999 84.064 109.13279999999999
589.5740000000001 158.856 85.984 103.0 118.40800000000002 82.384 113.77279999999999
590.091 157.856 75.984 93.0 120.488 83.824 113.29279999999999
590.6080000000001 132.856 114.984 99.0 118.568 84.904 110.37279999999998
591.125 127.856 140.984 121.0 116.40800000000002 86.184 111.1728
591.642 110.856 128.984 127.0 115.848 88.104 107.45279999999998
592.1590000000001 144.856 112.984 108.0 116.368 88.104 107.1728
592.676 106.856 111.984 107.0 116.32799999999999 87.664 112.05279999999999
593.193 126.856 110.984 111.0 112.16799999999999 84.86399999999999 109.85279999999999
593.71 114.856 106.984 100.0 112.368 85.904 106.41279999999999
594.2270000000001 127.856 77.984 108.0 104.12799999999999 89.904 106.33279999999999
594.744 114.856 73.984 115.0 110.488 84.42399999999999 106.97279999999999
595.261 125.856 71.984 113.0 111.568 84.54400000000001 104.49279999999999
595.778 136.856 109.984 96.0 109.96799999999999 85.82400000000001 102.65279999999998
596.2950000000001 138.856 121.984 97.0 108.52799999999999 86.544 101.05279999999999
596.812 122.856 91.984 76.0 108.488 82.90400000000001 103.01279999999998
597.329 104.856 115.984 82.0 114.848 82.38400000000001 99.6128
597.846 98.856 95.984 117.0 107.288 79.664 101.57279999999999
598.363 98.856 89.984 106.0 111.728 87.184 107.45279999999998
598.8800000000001 92.856 80.984 99.0 106.88799999999999 88.664 111.21279999999999
599.397 107.856 73.984 110.0 104.288 88.704 114.41279999999999
599.914 87.856 83.984 86.0 104.448 87.664 113.2528
600.431 83.856 65.984 102.0 103.928 87.824 110.09279999999998
600.9480000000001 94.856 66.984 88.0 106.368 85.904 110.13279999999999
601.465 105.856 56.984 84.0 108.68799999999999 86.86399999999999 117.41279999999999
601.982 100.856 64.984 75.0 107.448 87.024 115.2528
602.499 123.856 83.984 75.0 105.208 87.824 116.1728
603.0160000000001 102.856 71.984 95.0 105.04799999999999 89.904 110.41279999999999
603.533 108.856 87.984 122.0 106.68799999999999 83.624 104.05279999999999
604.05 89.856 74.984 108.0 106.76799999999999 73.304 97.93279999999999
604.567 104.856 71.984 101.0 112.40799999999999 75.58399999999999 96.8928
605.0840000000001 92.856 83.984 108.0 106.368 79.78399999999999 98.33279999999999
605.6010000000001 109.856 91.984 100.0 107.32799999999999 81.304 97.77279999999999
606.118 103.856 85.984 112.0 109.96799999999999 81.104 96.57279999999999
606.635 114.856 95.984 105.0 111.68799999999999 81.744 101.21279999999999
607.152 130.856 92.984 113.0 107.04799999999999 79.224 104.41279999999999
607.6690000000001 144.856 87.984 110.0 111.488 82.464 103.57279999999999
608.186 142.856 90.984 121.0 104.96799999999999 84.624 101.69279999999999
608.703 123.856 112.984 102.0 103.60799999999999 87.22399999999999 98.57279999999999
609.22 118.856 107.984 88.0 102.568 86.02400000000002 98.5328
609.7370000000001 117.856 86.984 92.0 98.848 83.78399999999999 103.65279999999998
610.254 110.856 88.984 92.0 101.32799999999999 80.344 103.49279999999999
610.7710000000001 127.856 86.984 114.0 104.648 79.82399999999998 103.77279999999999
611.288 124.856 66.984 114.0 112.96800000000002 79.544 105.57279999999999
611.8050000000001 107.856 60.984 110.0 108.28800000000001 80.304 105.2528
612.322 89.856 83.984 78.0 106.88799999999999 80.78399999999999 100.21279999999999
612.839 84.856 85.984 71.0 105.008 77.704 93.6128
613.356 96.856 105.984 65.0 103.648 79.78399999999999 90.1728
613.873 96.856 87.984 73.0 105.448 79.944 88.85279999999999
614.3900000000001 130.856 92.984 76.0 106.80799999999999 79.144 94.77279999999999
614.907 110.856 72.984 83.0 106.568 72.664 99.69279999999999
615.424 116.856 79.984 91.0 103.52799999999999 73.90399999999998 98.37279999999998
615.941 132.856 71.984 90.0 100.80799999999999 74.984 93.2528
616.4580000000001 126.856 76.984 86.0 101.088 77.464 93.49279999999999
616.975 105.856 84.984 90.0 99.24799999999999 77.104 93.33279999999999
617.4920000000001 93.856 86.984 81.0 98.728 77.744 94.29279999999999
618.009 94.856 79.984 103.0 101.848 77.184 95.2528
618.5260000000001 96.856 66.984 128.0 100.488 75.184 95.73279999999998
619.043 130.856 53.984 104.0 107.96799999999999 72.18400000000001 98.45279999999998
619.5600000000001 109.856 43.984 103.0 105.448 73.464 99.21279999999999
620.077 102.856 47.984 110.0 107.488 70.664 95.77279999999999
620.594 125.856 57.984 118.0 104.96799999999999 73.344 89.69279999999999
621.1110000000001 100.856 78.984 96.0 98.208 75.824 90.97279999999999
621.628 98.856 82.984 81.0 97.728 75.264 94.05279999999999
622.145 82.856 84.984 78.0 98.32799999999999 75.584 99.1728
622.662 90.856 76.984 82.0 99.32799999999999 75.664 98.85279999999999
623.1790000000001 88.856 80.984 99.0 100.52799999999999 76.024 97.21279999999999
623.696 75.856 88.984 102.0 106.24799999999999 69.624 95.57279999999999
624.2130000000001 104.856 80.984 83.0 111.52799999999999 69.544 97.65279999999998
624.73 105.856 98.984 88.0 104.648 70.344 97.57279999999999
625.2470000000001 99.856 101.984 105.0 98.76799999999999 74.744 98.73279999999998
625.764 116.856 103.984 118.0 98.448 71.104 93.73279999999998
626.2810000000001 91.856 105.984 102.0 97.928 75.54400000000001 94.69279999999999
626.798 109.856 98.984 96.0 96.728 77.664 91.49279999999999
627.315 109.856 87.984 96.0 98.24799999999999 77.304 85.85279999999999
627.8320000000001 98.856 90.984 91.0 98.928 78.744 90.85279999999999
628.349 122.856 84.984 102.0 99.88799999999999 76.144 91.65279999999998
628.866 95.856 79.984 103.0 97.68799999999999 75.90400000000001 91.45279999999998
629.383 90.856 77.984 106.0 98.24799999999999 76.224 88.37279999999998
629.9000000000001 94.856 77.984 98.0 99.088 76.744 89.73279999999998
630.417 121.856 74.984 105.0 98.12799999999999 77.14399999999999 92.09279999999998
630.934 113.856 63.984 94.0 100.368 74.584 89.49279999999999
631.451 80.856 97.984 76.0 96.208 74.384 89.41279999999999
631.9680000000001 110.856 102.984 58.0 99.488 72.26400000000001 88.97279999999999
632.485 84.856 102.984 75.0 97.088 71.464 87.45279999999998
633.0020000000001 101.856 104.984 69.0 94.60799999999999 71.78399999999999 86.01279999999998
633.519 97.856 76.984 90.0 96.928 74.34400000000001 85.25280000000001
634.0360000000001 110.856 71.984 69.0 96.88799999999999 71.90399999999998 85.17280000000001
634.553 92.856 74.984 72.0 95.80799999999999 75.90399999999998 85.01280000000001
635.07 94.856 65.984 104.0 95.16799999999999 75.26400000000001 85.7728
635.587 78.856 65.984 116.0 102.40799999999999 75.78399999999999 89.85279999999999
636.104 84.856 74.984 106.0 95.96799999999999 75.38399999999999 93.85279999999999
636.6210000000001 78.856 65.984 97.0 94.68799999999999 70.42399999999999 92.05279999999999
637.138 82.856 65.984 95.0 100.288 72.14399999999999 91.21279999999999
637.655 114.856 73.984 57.0 99.288 72.46399999999998 87.1728
638.172 100.856 64.984 80.0 100.60799999999999 70.104 88.97279999999999
638.6890000000001 104.856 63.984 94.0 92.40799999999999 71.024 92.33279999999999
639.206 95.856 62.984 86.0 92.16799999999999 71.224 93.2528
639.7230000000001 78.856 60.984 96.0 88.16799999999999 69.264 93.09279999999998
640.24 91.856 73.984 108.0 90.288 71.264 88.01279999999998
640.7570000000001 83.856 70.984 108.0 90.008 68.944 87.41279999999999
641.274 76.856 75.984 111.0 92.568 68.26400000000001 86.13279999999999
641.791 86.856 72.984 78.0 98.448 68.664 84.09280000000001
642.308 77.856 81.984 88.0 97.04799999999999 68.06400000000001 84.53280000000001
642.825 69.856 66.984 116.0 97.76799999999999 67.70400000000001 86.13279999999999
643.3420000000001 77.856 74.984 116.0 91.76799999999999 65.82400000000001 82.37279999999998
643.859 69.856 67.984 111.0 89.648 67.70400000000001 81.93279999999999
644.376 91.856 81.984 96.0 88.96799999999999 70.664 82.1328
644.893 115.856 84.984 84.0 89.80799999999999 72.66399999999999 84.4928
645.4100000000001 86.856 103.984 81.0 86.24799999999999 73.22399999999999 87.05279999999999
645.927 97.856 98.984 97.0 82.648 70.064 86.85279999999999
646.4440000000001 107.856 72.984 84.0 86.68799999999999 70.464 84.9728
646.961 85.856 72.984 85.0 88.928 69.944 83.77279999999999
647.4780000000001 89.856 48.984 76.0 94.88799999999999 68.584 82.97279999999999
647.995 91.856 44.984 81.0 98.208 65.744 81.81280000000001
648.5120000000001 101.856 57.984 74.0 94.40799999999999 69.18400000000001 77.5328
649.029 109.856 57.984 71.0 96.24799999999999 68.744 77.6528
649.546 129.856 51.984 81.0 96.04799999999999 69.42399999999999 76.4128
650.0630000000001 112.856 70.984 66.0 91.12799999999999 67.744 78.9328
650.58 89.856 76.984 66.0 95.32799999999999 71.704 79.2528
651.097 74.856 95.984 60.0 94.568 74.10399999999998 78.1728
651.614 69.856 82.984 59.0 93.76799999999999 75.464 81.2128
652.1310000000001 74.856 54.984 74.0 91.488 72.104 81.97279999999999
652.648 102.856 43.984 60.0 92.568 67.784 81.6128
653.1650000000001 81.856 37.984 67.0 93.16799999999999 69.02399999999999 82.45279999999998
653.682 90.856 47.984 84.0 89.52799999999999 68.384 83.7728
654.1990000000001 78.856 44.984 99.0 85.928 69.944 81.97279999999999
654.716 74.856 44.984 105.0 88.568 67.824 79.69279999999999
655.2330000000001 75.856 46.984 103.0 89.76799999999999 66.824 76.8528
655.75 74.856 63.984 104.0 89.76799999999999 69.704 75.25280000000001
656.267 69.856 71.984 83.0 82.88799999999999 76.104 77.0128
656.7840000000001 83.856 59.984 95.0 81.368 71.70400000000001 82.97279999999999
657.301 100.856 89.984 97.0 81.248 67.94399999999999 83.2528
657.818 86.856 93.984 107.0 85.12799999999999 66.664 84.17280000000001
658.335 84.856 80.984 86.0 83.12799999999999 67.224 82.53280000000001
658.8520000000001 88.856 64.984 80.0 88.88799999999999 68.624 83.61280000000001
659.369 88.856 67.984 84.0 87.12799999999999 65.664 85.49279999999999
659.886 95.856 54.984 83.0 89.728 63.943999999999996 82.5728
660.403 87.856 71.984 78.0 89.448 65.024 83.01280000000001
660.9200000000001 105.856 83.984 85.0 91.68799999999999 68.18399999999998 80.61280000000001
661.437 101.856 71.984 78.0 95.40799999999999 67.824 85.2128
661.9540000000001 91.856 85.984 98.0 88.568 66.86399999999999 86.69279999999999
662.471 88.856 102.984 75.0 91.368 68.344 82.73279999999998
662.988 109.856 84.984 79.0 89.288 62.544 81.05279999999999
663.505 106.856 64.984 98.0 87.728 65.544 84.65279999999998
664.022 97.856 66.984 79.0 82.88799999999999 68.50399999999999 81.8528
664.539 88.856 53.984 71.0 81.168 67.744 82.6128
665.056 93.856 58.984 80.0 82.648 69.584 78.2528
665.5730000000001 85.856 91.984 106.0 78.528 69.38399999999999 77.9328
666.09 89.856 72.984 78.0 80.368 67.704 75.33279999999999
666.607 101.856 67.984 84.0 82.60799999999999 65.42399999999999 78.69279999999999
667.124 82.856 57.984 99.0 84.728 62.623999999999995 81.1328
667.6410000000001 88.856 63.984 104.0 84.80799999999999 61.38399999999999 79.2528
668.158 65.856 64.984 81.0 84.008 60.98400000000001 78.2128
668.6750000000001 83.856 47.984 84.0 86.60799999999999 61.34400000000001 76.0128
669.192 69.856 56.984 89.0 82.448 60.584 78.4928
669.7090000000001 74.856 54.984 84.0 85.04799999999999 61.744 78.4528
670.226 72.856 59.984 86.0 81.808 59.824 75.69279999999999
670.743 106.856 65.984 69.0 84.96799999999999 60.023999999999994 75.4928
671.26 102.856 73.984 55.0 84.368 60.023999999999994 72.0128
671.777 90.856 80.984 65.0 82.60799999999999 58.424 75.0128
672.2940000000001 87.856 94.984 72.0 82.568 58.744 76.2128
672.811 88.856 94.984 74.0 82.68799999999999 63.104 76.4128
673.328 90.856 52.984 62.0 81.488 59.544000000000004 79.33279999999999
673.845 90.856 57.984 78.0 83.488 62.38399999999999 81.7728
674.3620000000001 69.856 48.984 90.0 83.76799999999999 63.303999999999995 84.49279999999999
674.879 70.856 52.984 108.0 80.528 61.544000000000004 85.6128
675.3960000000001 71.856 45.984 82.0 77.528 65.104 79.69279999999999
675.913 75.856 55.984 82.0 78.688 65.82400000000001 79.5728
676.4300000000001 104.856 48.984 88.0 80.608 65.664 78.6128
676.947 149.856 48.984 91.0 84.088 62.264 79.8928
677.464 132.856 51.984 67.0 84.40799999999999 62.464000000000006 77.1728
677.981 111.856 58.984 61.0 84.568 63.584 78.4928
678.498 86.856 65.984 73.0 82.24799999999999 66.504 74.1728
679.0150000000001 112.856 57.984 67.0 88.68799999999999 66.42399999999999 70.97279999999999
679.532 93.856 65.984 79.0 84.52799999999999 60.303999999999995 76.4928
680.049 81.856 79.984 80.0 86.76799999999999 63.06400000000001 73.4128
680.566 77.856 77.984 88.0 82.52799999999999 62.62399999999999 75.4128
681.0830000000001 82.856 63.984 68.0 78.44800000000001 62.224 75.5728
681.6 73.856 61.984 59.0 76.888 60.623999999999995 78.8528
682.1170000000001 74.856 76.984 62.0 79.128 62.58399999999999 76.6528
682.634 61.856 71.984 48.0 76.928 58.903999999999996 73.1328
683.1510000000001 84.856 69.984 74.0 77.888 60.98399999999999 73.5328
683.668 97.856 73.984 68.0 80.128 61.583999999999996 74.33279999999999
684.1850000000001 102.856 79.984 45.0 81.128 58.983999999999995 76.33279999999999
684.702 68.856 74.984 56.0 81.888 58.623999999999995 73.3728
685.219 71.856 55.984 65.0 81.44800000000001 54.263999999999996 69.8528
685.7360000000001 82.856 51.984 68.0 79.048 55.663999999999994 71.8128
686.253 80.856 66.984 72.0 77.128 56.583999999999996 71.6128
686.77 66.856 61.984 63.0 78.808 60.943999999999996 71.69279999999999
687.287 65.856 84.984 69.0 79.208 58.904 70.6528
687.8040000000001 76.856 98.984 81.0 76.648 57.824000000000005 69.7728
688.321 65.856 79.984 78.0 73.928 60.38399999999999 73.97279999999999
688.8380000000001 60.856 70.984 85.0 75.288 62.90399999999999 71.3728
689.355 57.856 64.984 83.0 76.168 62.70399999999999 75.0928
689.8720000000001 53.856 63.984 90.0 76.568 63.184000000000005 71.7328
690.389 60.856 59.984 125.0 76.568 54.903999999999996 73.8928
690.9060000000001 74.856 48.984 108.0 76.368 55.38399999999999 72.4528
691.423 91.856 56.984 80.0 79.568 58.424 67.2528
691.94 83.856 46.984 75.0 75.08800000000001 56.303999999999995 69.1328
692.4570000000001 77.856 63.984 87.0 74.72800000000001 55.06399999999999 73.1728
692.974 80.856 63.984 87.0 77.048 56.943999999999996 70.2528
693.491 98.856 60.984 81.0 75.848 58.50399999999999 71.33279999999999
694.008 74.856 52.984 62.0 76.328 56.744 67.1328
694.5250000000001 78.856 58.984 52.0 75.968 55.983999999999995 71.7728
695.042 91.856 64.984 65.0 76.928 55.623999999999995 70.6128
695.559 59.856 71.984 68.0 77.648 55.023999999999994 70.97279999999999
696.076 47.856 63.984 71.0 77.048 55.504 73.4528
696.5930000000001 62.856 61.984 54.0 74.44800000000001 57.663999999999994 72.2928
697.11 77.856 54.984 71.0 72.328 57.583999999999996 73.7328
697.6270000000001 70.856 51.984 49.0 75.848 59.184 70.33279999999999
698.144 69.856 55.984 72.0 74.528 55.263999999999996 74.3728
698.6610000000001 97.856 49.984 73.0 76.128 54.304 73.69279999999999
699.178 62.856 59.984 87.0 75.408 57.504 68.5728
699.695 55.856 43.984 94.0 75.848 57.184 68.73280000000001
700.212 62.856 42.984 84.0 77.528 58.023999999999994 66.53280000000001
700.729 66.856 55.984 53.0 78.888 57.943999999999996 67.05279999999999
701.2460000000001 63.856 72.984 48.0 73.768 57.303999999999995 68.3728
701.763 68.856 72.984 49.0 78.008 57.18399999999999 72.0128
702.28 73.856 65.984 45.0 77.608 54.94399999999999 69.0928
702.797 85.856 57.984 57.0 74.768 57.583999999999996 70.1328
703.3140000000001 86.856 48.984 65.0 77.528 57.903999999999996 72.4128
703.831 90.856 79.984 67.0 77.408 58.62399999999999 73.2928
704.3480000000001 76.856 76.984 76.0 72.768 61.783999999999985 69.5728
704.865 73.856 80.984 67.0 71.568 60.824 71.6128
705.3820000000001 67.856 81.984 80.0 71.128 61.424 75.8528
705.899 68.856 105.984 76.0 69.608 60.70399999999999 74.4928
706.416 62.856 72.984 136.0 71.008 56.464 75.2928
706.933 61.856 59.984 96.0 69.328 55.104 72.4528
707.45 83.856 54.984 67.0 72.768 56.784 71.4128
707.9670000000001 64.856 54.984 64.0 75.568 56.70399999999999 73.4528
708.484 68.856 50.984 55.0 76.968 57.583999999999996 67.7328
709.001 77.856 63.984 79.0 78.08800000000001 56.583999999999996 72.2128
709.518 73.856 78.984 84.0 72.208 56.743999999999986 71.5728
710.0350000000001 58.856 63.984 76.0 70.288 55.903999999999996 69.1728
710.552 76.856 78.984 69.0 68.528 57.74400000000001 70.97279999999999
711.0690000000001 81.856 76.984 89.0 72.568 61.103999999999985 71.5328
711.586 93.856 68.984 61.0 72.568 61.464 72.2528
712.1030000000001 80.856 53.984 69.0 75.768 57.943999999999996 69.8928
712.62 67.856 51.984 61.0 76.08800000000001 59.263999999999996 68.97279999999999
713.1370000000001 77.856 46.984 57.0 80.048 60.184 68.8528
713.654 76.856 57.984 53.0 76.328 57.144 65.05279999999999
714.171 87.856 49.984 46.0 76.288 56.184 74.2928
714.6880000000001 81.856 68.984 40.0 73.44800000000001 56.943999999999996 69.9728
715.205 74.856 49.984 40.0 72.368 51.504 66.9728
715.722 100.856 43.984 65.0 72.128 50.184 69.0928
716.239 90.856 57.984 83.0 67.848 53.784 74.1728
716.7560000000001 68.856 49.984 102.0 66.808 56.06399999999999 76.2528
717.273 80.856 45.984 89.0 70.648 58.184 73.4528
717.7900000000001 58.856 42.984 74.0 73.368 58.903999999999996 68.2128
718.307 75.856 40.984 73.0 73.848 56.983999999999995 64.2128
718.8240000000001 67.856 51.984 98.0 71.44800000000001 59.663999999999994 65.8128
719.341 87.856 57.984 87.0 74.328 57.38399999999999 67.0928
719.8580000000001 61.856 65.984 84.0 72.808 54.983999999999995 66.33279999999999
720.375 46.856 59.984 78.0 74.608 53.623999999999995 68.09280000000001
720.892 57.856 57.984 71.0 76.408 53.983999999999995 67.4128
721.4090000000001 77.856 56.984 94.0 73.408 52.464 67.1728
721.926 96.856 32.984 89.0 78.44800000000001 55.623999999999995 67.3728
722.443 76.856 45.984 92.0 76.208 53.544000000000004 68.05279999999999
722.96 56.856 55.984 93.0 69.08800000000001 55.98400000000001 67.0928
723.4770000000001 65.856 41.984 79.0 73.248 52.943999999999996 67.5728
723.994 52.856 37.984 87.0 72.848 55.023999999999994 70.1728
724.5110000000001 58.856 56.984 88.0 74.408 55.504 73.2928
725.028 53.856 50.984 83.0 70.08800000000001 53.224 73.6128
725.5450000000001 52.856 49.984 60.0 67.08800000000001 54.583999999999996 70.2128
726.062 61.856 63.984 41.0 64.808 54.104 67.5728
726.5790000000001 73.856 49.984 57.0 69.408 51.824 68.69279999999999
727.096 78.856 45.984 54.0 69.688 56.38399999999999 64.4528
727.613 57.856 33.984 34.0 67.208 56.304 64.0928
728.1300000000001 67.856 30.984 40.0 66.768 54.944 63.93280000000001
728.647 75.856 42.984 39.0 72.048 55.864000000000004 59.9328
729.164 82.856 52.984 36.0 69.72800000000001 56.224 60.012800000000006
729.681 64.856 51.984 38.0 66.568 54.70399999999999 60.6528
730.1980000000001 47.856 36.984 31.0 70.408 52.583999999999996 60.89280000000001
730.715 44.856 46.984 50.0 65.608 52.784 60.3328
731.232 51.856 45.984 58.0 71.96799999999999 51.903999999999996 62.7328
731.749 59.856 54.984 56.0 69.528 54.38399999999999 64.0928
732.2660000000001 65.856 42.984 40.0 67.408 50.624 63.852799999999995
732.783 98.856 39.984 52.0 64.888 52.70399999999999 67.33279999999999
733.3000000000001 95.856 42.984 56.0 69.168 54.06399999999999 63.452799999999996
733.817 87.856 52.984 48.0 69.208 53.824000000000005 60.732800000000005
734.3340000000001 80.856 54.984 51.0 67.488 50.34400000000001 60.092800000000004
734.851 67.856 62.984 40.0 70.048 52.903999999999996 61.6128
735.368 72.856 59.984 43.0 69.808 55.38399999999999 63.2528
735.885 68.856 57.984 60.0 70.848 55.02400000000001 61.532799999999995
736.402 74.856 48.984 73.0 67.288 52.943999999999996 58.2928
736.9190000000001 91.856 60.984 98.0 68.968 57.864000000000004 62.412800000000004
737.436 65.856 59.984 81.0 66.128 57.42400000000001 60.61280000000001
737.9530000000001 63.856 69.984 77.0 66.608 53.224 63.2528
738.47 48.856 63.984 72.0 69.608 53.303999999999995 62.492799999999995
738.9870000000001 55.856 56.984 61.0 68.648 51.943999999999996 64.5728
739.504 73.856 56.984 60.0 72.248 48.624 63.732800000000005
740.0210000000001 69.856 66.984 72.0 69.44800000000001 49.74400000000001 68.17280000000001
740.538 79.856 56.984 76.0 71.08800000000001 49.224 65.8128
741.0550000000001 70.856 50.984 68.0 68.128 51.224 65.1328
741.572 75.856 62.984 69.0 70.768 52.504 62.2528
742.089 71.856 27.984 72.0 70.808 49.06399999999999 63.4528
742.606 62.856 46.984 79.0 69.08800000000001 51.464 62.0928
743.123 64.856 51.984 71.0 70.208 50.983999999999995 62.132799999999996
743.6400000000001 67.856 52.984 82.0 69.08800000000001 50.263999999999996 62.89280000000001
744.157 63.856 64.984 72.0 71.408 53.903999999999996 69.2928
744.674 62.856 65.984 57.0 68.248 50.70399999999999 67.2528
745.191 54.856 73.984 64.0 67.408 50.06399999999999 67.5328
745.7080000000001 80.856 49.984 76.0 68.168 50.784 69.6528
746.225 74.856 60.984 76.0 68.72800000000001 52.06399999999999 60.532799999999995
746.7420000000001 79.856 52.984 73.0 64.44800000000001 51.744 64.2928
747.259 93.856 54.984 72.0 68.648 56.584 66.8528
747.7760000000001 98.856 69.984 60.0 68.848 54.34400000000001 66.61280000000001
748.293 116.856 50.984 63.0 71.568 55.623999999999995 64.2928
748.8100000000001 79.856 50.984 64.0 67.568 54.943999999999996 62.6928
749.327 78.856 54.984 71.0 64.488 50.744 66.7328
749.844 66.856 52.984 74.0 64.768 48.623999999999995 65.7728
750.3610000000001 81.856 40.984 77.0 64.488 48.544000000000004 64.0128
750.878 61.856 54.984 88.0 62.888000000000005 51.06399999999999 63.532799999999995
751.395 50.856 45.984 79.0 65.688 50.983999999999995 61.0128
751.912 62.856 50.984 52.0 61.408 52.303999999999995 61.172799999999995
752.4290000000001 78.856 55.984 39.0 66.08800000000001 51.544 61.132799999999996
752.946 62.856 59.984 55.0 67.488 48.184 60.9728
753.4630000000001 52.856 53.984 44.0 67.768 50.184 60.6528
753.98 76.856 64.984 82.0 63.528 50.784 62.97280000000001
754.4970000000001 81.856 80.984 90.0 67.608 52.06399999999999 60.6928
755.014 83.856 66.984 67.0 64.888 48.424 58.9728
755.5310000000001 103.856 65.984 60.0 62.928000000000004 48.263999999999996 58.2528
756.048 94.856 55.984 77.0 61.448 48.544 60.452799999999996
756.565 85.856 73.984 68.0 65.768 50.583999999999996 58.132799999999996
757.082 65.856 51.984 76.0 66.968 51.504 63.2928
757.599 71.856 52.984 71.0 62.648 49.504 65.69279999999999
758.116 75.856 34.984 72.0 66.208 47.663999999999994 63.532799999999995
758.633 57.856 32.984 77.0 63.768 46.104 62.3328
759.1500000000001 82.856 31.984 69.0 61.928000000000004 50.144 60.212799999999994
759.667 82.856 33.984 72.0 64.048 49.784 59.132799999999996
760.1840000000001 75.856 46.984 54.0 64.368 52.424 60.772800000000004
760.701 68.856 56.984 76.0 62.568000000000005 50.544 58.0128
761.2180000000001 82.856 59.984 68.0 64.328 50.343999999999994 56.132799999999996
761.735 62.856 60.984 65.0 66.168 50.784 56.132799999999996
762.2520000000001 48.856 63.984 58.0 63.768 48.424 56.532799999999995
762.769 41.856 52.984 57.0 65.128 49.864 58.892799999999994
763.2860000000001 57.856 64.984 47.0 64.528 47.023999999999994 56.7728
763.803 77.856 63.984 68.0 66.008 46.343999999999994 57.6928
764.32 72.856 71.984 51.0 64.328 48.703999999999986 58.212799999999994
764.837 84.856 62.984 49.0 65.848 48.744 57.172799999999995
765.354 89.856 47.984 47.0 65.288 48.424 57.892799999999994
765.8710000000001 77.856 52.984 53.0 63.648 47.504 54.452799999999996
766.388 65.856 54.984 42.0 63.048 48.023999999999994 54.3728
766.9050000000001 53.856 30.984 49.0 63.168 47.06399999999999 57.9728
767.422 48.856 24.984 46.0 60.928000000000004 49.104 59.6128
767.9390000000001 42.856 35.984 54.0 59.808 45.504000000000005 57.4128
768.456 55.856 38.984 71.0 58.648 47.864000000000004 57.7728
768.9730000000001 60.856 54.984 55.0 58.248000000000005 50.584 59.7728
769.49 57.856 35.984 54.0 60.968 50.583999999999996 55.852799999999995
770.0070000000001 72.856 42.984 46.0 62.328 50.744 59.0128
770.524 79.856 55.984 53.0 59.968 49.864 55.2928
771.041 85.856 50.984 55.0 59.968 48.343999999999994 55.212799999999994
771.558 66.856 56.984 59.0 58.448 48.184 55.812799999999996
772.075 81.856 62.984 72.0 58.048 48.224 57.132799999999996
772.5920000000001 67.856 47.984 53.0 57.008 46.784000000000006 58.9728
773.109 82.856 41.984 63.0 62.248000000000005 48.983999999999995 58.4128
773.6260000000001 68.856 43.984 67.0 58.248000000000005 49.544 59.532799999999995
774.143 52.856 47.984 92.0 56.008 49.824 56.57280000000001
774.6600000000001 52.856 50.984 59.0 60.488 47.263999999999996 53.2528
775.177 61.856 43.984 43.0 64.848 47.663999999999994 55.9328
775.6940000000001 47.856 59.984 64.0 65.808 46.903999999999996 55.6128
776.211 63.856 40.984 61.0 65.968 46.06399999999999 55.0928
776.7280000000001 62.856 52.984 84.0 64.008 46.023999999999994 63.212799999999994
777.245 65.856 39.984 65.0 58.528 46.784 58.6528
777.7620000000001 62.856 35.984 64.0 59.688 46.943999999999996 58.3728
778.279 52.856 47.984 69.0 58.848 47.744 56.2528
778.796 68.856 55.984 79.0 55.728 48.144 60.132799999999996
779.3130000000001 63.856 46.984 80.0 56.288000000000004 49.663999999999994 57.492799999999995
779.83 75.856 68.984 65.0 58.048 45.104000000000006 59.2928
780.347 69.856 60.984 71.0 62.088 48.504 56.2528
780.864 82.856 41.984 56.0 62.048 44.903999999999996 57.2928
781.3810000000001 75.856 56.984 70.0 60.448 47.824 55.2928
781.898 60.856 59.984 67.0 62.168 45.944 55.2928
782.4150000000001 79.856 40.984 75.0 64.288 44.824000000000005 56.212799999999994
782.932 59.856 53.984 80.0 60.408 46.624 55.5728
783.4490000000001 52.856 48.984 54.0 59.608000000000004 49.06399999999999 53.212799999999994
783.966 60.856 48.984 49.0 58.328 49.224 54.492799999999995
784.4830000000001 55.856 49.984 49.0 60.048 46.943999999999996 53.3328
785.0 56.856 55.984 57.0 60.168 48.184 56.0928
785.517 60.856 37.984 65.0 60.328 45.983999999999995 54.532799999999995
786.034 66.856 44.984 41.0 61.488 45.38399999999999 54.2928
786.551 55.856 49.984 45.0 57.368 43.304 54.5728
787.068 62.856 59.984 54.0 57.608000000000004 44.864000000000004 53.212799999999994
787.585 43.856 51.984 44.0 58.088 43.504000000000005 52.852799999999995
788.1020000000001 57.856 43.984 49.0 58.488 42.144 51.9328
788.619 74.856 49.984 64.0 59.208 43.06400000000001 53.172799999999995
789.1360000000001 58.856 46.984 46.0 59.088 46.06399999999999 56.0928
789.653 55.856 46.984 54.0 57.568000000000005 43.584 55.3328
790.1700000000001 66.856 43.984 79.0 59.008 45.263999999999996 56.892799999999994
790.687 59.856 64.984 81.0 57.288000000000004 45.504 58.7328
791.2040000000001 50.856 65.984 70.0 57.368 44.224 57.812799999999996
791.721 64.856 50.984 56.0 60.288000000000004 46.58399999999999 55.4128
792.238 52.856 47.984 48.0 61.248000000000005 46.38399999999999 56.6928
792.755 53.856 59.984 47.0 58.208 46.824 58.852799999999995
793.272 63.856 46.984 53.0 58.248000000000005 48.343999999999994 58.3328
793.789 56.856 38.984 51.0 56.008 46.544 58.732800000000005
794.306 57.856 45.984 46.0 61.568000000000005 45.504000000000005 55.3728
794.8230000000001 65.856 46.984 47.0 60.208 46.02400000000001 57.0528
795.34 48.856 57.984 54.0 60.448 46.06400000000001 57.7728
795.8570000000001 35.856 51.984 67.0 59.128 43.38400000000001 57.6528
796.374 41.856 43.984 73.0 58.528 45.70400000000001 55.212799999999994
796.8910000000001 40.856 40.984 73.0 56.888000000000005 45.70399999999999 55.0528
797.408 42.856 49.984 81.0 50.288000000000004 46.943999999999996 56.532799999999995
797.9250000000001 39.856 44.984 86.0 53.568000000000005 46.583999999999996 56.812799999999996
798.442 56.856 54.984 60.0 54.768 43.784000000000006 54.6928
798.9590000000001 45.856 47.984 45.0 56.648 44.02400000000001 54.492799999999995
799.476 52.856 55.984 60.0 56.328 43.744 55.212799999999994
799.993 48.856 41.984 55.0 59.688 48.023999999999994 54.85280000000001
800.51 38.856 41.984 61.0 60.808 49.38399999999999 57.9728
801.027 44.856 47.984 54.0 61.648 47.943999999999996 54.852799999999995
801.5440000000001 45.856 48.984 60.0 59.728 47.424 54.452799999999996
802.061 45.856 40.984 57.0 59.728 45.624 51.2528
802.5780000000001 40.856 60.984 74.0 56.168 48.903999999999996 54.7728
803.095 51.856 64.984 80.0 56.488 49.544 54.172799999999995
803.6120000000001 48.856 57.984 53.0 56.248000000000005 47.184 55.7328
804.129 53.856 52.984 56.0 58.048 47.983999999999995 56.5728
804.6460000000001 50.856 55.984 60.0 58.648 44.544000000000004 53.7328
805.163 49.856 44.984 60.0 59.848 46.544 53.852799999999995
805.6800000000001 55.856 38.984 60.0 58.128 47.343999999999994 56.6928
806.197 47.856 51.984 74.0 56.528 47.06399999999999 54.172799999999995
806.714 52.856 53.984 79.0 61.568000000000005 46.744 53.4128
807.231 51.856 50.984 62.0 57.328 48.464 55.7728
807.748 56.856 47.984 60.0 57.568000000000005 48.983999999999995 56.5728
808.2650000000001 62.856 49.984 52.0 57.928000000000004 51.224 57.452799999999996
808.782 57.856 25.984 69.0 55.248000000000005 45.224 58.172799999999995
809.2990000000001 57.856 37.984 91.0 54.488 44.784000000000006 56.2928
809.816 53.856 49.984 86.0 51.928000000000004 43.264 57.97280000000001
810.3330000000001 43.856 49.984 72.0 58.328 42.544000000000004 57.7728
810.85 32.856 40.984 45.0 56.408 43.02400000000001 54.2928
811.3670000000001 71.856 36.984 42.0 59.768 42.823999999999984 50.7728
811.884 67.856 42.984 45.0 58.688 43.983999999999995 51.172799999999995
812.4010000000001 68.856 42.984 48.0 59.088 43.504 54.772800000000004
812.918 63.856 39.984 64.0 55.728 42.624 56.2528
813.4350000000001 60.856 35.984 70.0 54.728 41.144 53.212799999999994
813.952 53.856 36.984 74.0 57.528 45.70399999999999 57.2528
814.469 55.856 52.984 77.0 55.368 44.544000000000004 56.7728
814.986 61.856 49.984 77.0 54.768 45.904 58.852799999999995
815.503 57.856 45.984 52.0 53.728 49.144 53.532799999999995
816.02 52.856 54.984 72.0 54.768 46.263999999999996 51.852799999999995
816.537 61.856 43.984 56.0 55.488 43.464 55.2528
817.0540000000001 55.856 75.984 57.0 55.688 47.86399999999999 53.132799999999996
817.571 43.856 83.984 44.0 59.888000000000005 45.864 52.9728
818.0880000000001 49.856 74.984 42.0 57.448 45.62399999999999 52.4128
818.605 43.856 67.984 43.0 54.528 45.624 51.492799999999995
819.1220000000001 45.856 57.984 49.0 51.728 42.824000000000005 48.3328
819.639 49.856 35.984 76.0 52.968 43.104000000000006 53.2928
820.1560000000001 47.856 47.984 53.0 54.568000000000005 42.544000000000004 52.0928
820.673 58.856 63.984 45.0 55.848 43.624 50.7728
821.19 46.856 52.984 46.0 57.528 44.983999999999995 50.6528
821.707 57.856 64.984 42.0 59.048 45.824 48.452799999999996
822.224 58.856 51.984 48.0 58.768 42.104 47.9328
822.741 66.856 49.984 55.0 59.608000000000004 43.104 52.2528
823.258 57.856 45.984 44.0 59.088 44.104000000000006 50.532799999999995
823.7750000000001 50.856 59.984 44.0 52.768 44.224000000000004 50.492799999999995
824.292 49.856 45.984 44.0 51.688 43.104000000000006 50.492799999999995
824.8090000000001 73.856 44.984 41.0 56.368 47.623999999999995 51.452799999999996
825.326 86.856 58.984 40.0 54.568000000000005 45.224000000000004 51.132799999999996
825.8430000000001 84.856 47.984 45.0 55.488 45.30399999999999 53.2528
826.36 54.856 46.984 53.0 56.848 42.583999999999996 54.6528
826.8770000000001 62.856 47.984 57.0 54.488 41.464 55.7328
827.394 66.856 48.984 46.0 54.088 43.304 53.132799999999996
827.9110000000001 47.856 63.984 54.0 58.808 45.144 53.212799999999994
828.428 39.856 75.984 49.0 56.688 43.864 55.2928
828.945 50.856 48.984 66.0 56.528 46.504 54.4128
829.462 50.856 44.984 48.0 53.928000000000004 43.424 51.692800000000005
829.979 69.856 41.984 62.0 54.368 43.38400000000001 50.132799999999996
830.4960000000001 67.856 38.984 60.0 50.648 43.944 51.9328
831.013 68.856 43.984 58.0 53.888000000000005 46.06399999999999 54.93280000000001
831.5300000000001 62.856 50.984 63.0 53.168 46.784 51.4128
832.047 50.856 45.984 69.0 53.928000000000004 44.98400000000001 51.3328
832.5640000000001 52.856 50.984 67.0 54.608000000000004 47.424 51.4128
833.081 50.856 60.984 60.0 51.568000000000005 46.544 55.6128
833.5980000000001 63.856 57.984 40.0 54.928000000000004 46.304 52.3328
834.115 52.856 52.984 54.0 55.968 49.38399999999999 53.6128
834.6320000000001 75.856 37.984 57.0 57.008 46.623999999999995 52.452799999999996
835.149 52.856 32.984 50.0 58.088 48.343999999999994 50.452799999999996
835.666 47.856 51.984 66.0 56.048 49.424 51.0128
836.183 41.856 44.984 65.0 56.688 46.184 55.172799999999995
836.7 53.856 39.984 51.0 52.248000000000005 45.624 53.0528
837.2170000000001 45.856 40.984 44.0 54.848 44.983999999999995 53.5728
837.734 55.856 44.984 42.0 56.328 43.584 54.5728
838.2510000000001 56.856 51.984 43.0 61.408 46.263999999999996 49.6528
838.768 57.856 49.984 46.0 58.808 46.663999999999994 53.492799999999995
839.2850000000001 62.856 51.984 38.0 55.528 47.663999999999994 54.852799999999995
839.802 52.856 38.984 51.0 53.688 49.304 52.7728
840.3190000000001 56.856 39.984 50.0 52.488 45.06400000000001 53.852799999999995
840.836 48.856 45.984 42.0 51.048 45.304 52.7328
841.3530000000001 59.856 26.984 58.0 49.648 46.303999999999995 53.7328
841.87 35.856 36.984 56.0 56.128 44.74400000000001 56.132799999999996
842.3870000000001 38.856 50.984 54.0 55.368 44.06400000000001 55.53280000000001
842.904 40.856 41.984 47.0 52.808 44.104 51.172799999999995
843.421 41.856 32.984 52.0 52.368 44.343999999999994 53.5728
843.938 64.856 43.984 53.0 52.688 45.784 52.2928
844.455 55.856 20.984 50.0 55.768 49.144 51.0528
844.9720000000001 53.856 32.984 54.0 55.088 47.104 51.852799999999995
845.489 54.856 43.984 47.0 52.768 48.184 50.892799999999994
846.0060000000001 52.856 44.984 52.0 52.808 42.144 48.7328
846.523 57.856 36.984 42.0 57.368 45.263999999999996 51.452799999999996
847.0400000000001 61.856 43.984 36.0 53.688 45.623999999999995 49.4128
847.557 58.856 38.984 52.0 55.048 44.424 49.9328
848.0740000000001 66.856 41.984 42.0 56.968 46.903999999999996 51.6128
848.591 65.856 53.984 49.0 58.408 46.023999999999994 53.1328
849.1080000000001 55.856 53.984 69.0 51.808 45.38399999999999 50.6528
849.625 50.856 59.984 50.0 55.808 44.38399999999999 48.9728
850.142 49.856 49.984 53.0 54.608000000000004 47.864 54.9728
850.659 61.856 42.984 60.0 54.448 47.624 52.212799999999994
851.176 57.856 40.984 55.0 55.048 47.824000000000005 50.5728
851.6930000000001 54.856 28.984 61.0 52.528 45.464000000000006 51.6928
852.21 60.856 40.984 48.0 50.768 43.06400000000001 49.892799999999994
852.7270000000001 45.856 37.984 55.0 51.608000000000004 44.184000000000005 51.492799999999995
853.244 55.856 25.984 66.0 54.968 44.504000000000005 56.5728
853.7610000000001 58.856 31.984 50.0 51.248000000000005 44.303999999999995 53.852799999999995
854.278 83.856 38.984 51.0 53.448 44.58399999999999 51.7328
854.7950000000001 63.856 44.984 43.0 51.648 46.504000000000005 52.6928
855.312 55.856 38.984 47.0 51.648 44.824000000000005 50.852799999999995
855.8290000000001 45.856 59.984 57.0 53.248000000000005 45.224000000000004 50.4128
856.346 56.856 56.984 40.0 55.528 46.144000000000005 51.7728
856.863 49.856 43.984 54.0 54.728 47.504 49.852799999999995
857.38 50.856 42.984 30.0 51.928000000000004 47.06399999999999 47.9728
857.897 45.856 50.984 45.0 54.168 47.70400000000001 48.7328
858.414 56.856 36.984 40.0 50.888000000000005 42.38400000000001 47.3728
858.931 56.856 37.984 45.0 53.088 43.904 47.212799999999994
859.4480000000001 52.856 43.984 42.0 49.048 45.304 48.6528
859.965 54.856 51.984 53.0 51.488 44.744 46.3728
860.4820000000001 38.856 49.984 62.0 50.088 42.584 47.0928
860.999 65.856 74.984 55.0 54.168 45.104 50.3328
861.5160000000001 50.856 42.984 67.0 53.248000000000005 42.744 49.3728
862.033 52.856 52.984 55.0 49.848 44.224000000000004 49.452799999999996
862.5500000000001 69.856 51.984 56.0 54.168 41.904 49.3728
863.067 62.856 43.984 50.0 52.888000000000005 43.224 49.212799999999994
863.5840000000001 45.856 44.984 46.0 49.288000000000004 42.06399999999999 47.7328
864.101 38.856 52.984 44.0 51.848 43.38399999999999 46.7728
864.618 52.856 37.984 52.0 48.488 41.70399999999999 46.172799999999995
865.135 53.856 39.984 50.0 47.368 40.584 45.3328
865.652 45.856 40.984 46.0 47.288000000000004 44.42400000000001 46.6928
