174.94  3787.59593294401
175.457 3762.90929591332
175.974 3765.6465828182
176.491 3766.73802613982
177.008 3753.72896204925
177.525 3740.61044605868
178.042 3741.98526838864
178.559 3762.31484663905
179.076 3749.74680973518
179.593 3735.0288194646
180.11  3725.89806665702
180.627 3702.65551633784
181.144 3701.27862352652
181.661 3685.03900183212
182.178 3662.35498110754
182.695 3625.2501111315
183.212 3589.92346933625
183.729 3580.10056150325
184.246 3573.87959436323
184.763 3565.00991901864
185.28  3552.43742358102
185.797 3530.64572221057
186.314 3519.32004201476
186.831 3502.41058392902
187.348 3466.02953376794
187.865 3461.87820861702
188.382 3465.29461031395
188.899 3466.73655487295
189.416 3447.67889226264
189.933 3443.13339915828
190.45  3427.6800709223
190.967 3432.99668521409
191.484 3417.40260920589
192.001 3398.33265390986
192.518 3366.57446198647
193.035 3361.55318522119
193.552 3356.7396300406
194.069 3341.47953712843
194.586 3321.65126106682
195.103 3267.96855557408
195.62  3264.529128418
196.137 3255.26870151681
196.654 3214.26634254647
197.171 3192.31664014803
197.688 3150.41765479549
198.205 3118.62849293734
198.722 3098.47331639808
199.239 3081.20939227816
199.756 3067.13343429498
200.273 3036.71688280567
200.79  3026.26609874513
201.307 3007.10104053714
201.824 2980.16341434672
202.341 2971.82112650974
202.858 2968.83445850313
203.375 2968.94807284385
203.892 2945.26533327331
204.409 2925.00170560362
204.926 2901.53824000522
205.443 2902.7690303203
205.96  2900.2929335436
206.477 2879.43793022802
206.994 2854.61835974659
207.511 2850.91332079722
208.028 2846.56845275084
208.545 2837.06601815405
209.062 2826.66022583388
209.579 2808.74261244247
210.096 2790.25718652679
210.613 2762.6516627021
211.13  2731.56496822507
211.647 2712.92971352601
212.164 2704.83430750725
212.681 2675.72997171848
213.198 2670.81053547054
213.715 2673.3204038207
214.232 2669.48015911004
214.749 2653.30017006971
215.266 2646.92967207161
215.783 2661.59855216493
216.3   2649.56581302049
216.817 2622.27919630179
217.334 2597.67215626723
217.851 2578.19075550032
218.368 2560.01787880807
218.885 2528.07142565029
219.402 2506.17553574152
219.919 2504.26842161416
220.436 2493.84264207021
220.953 2479.36906550535
221.47  2472.7777722501
221.987 2464.65194132009
222.504 2437.07351916915
223.021 2417.28889809748
223.538 2406.83847413676
224.055 2397.64166107058
224.572 2385.2661313867
225.089 2366.9214028284
225.606 2344.23781565444
226.123 2313.08484616606
226.64  2313.80284254
227.157 2326.04985789317
227.674 2317.10243317241
228.191 2303.84911011427
228.708 2289.84729388181
229.225 2274.67672229628
229.742 2275.55091897004
230.259 2262.55976290388
230.776 2248.52191059001
231.293 2235.96447333871
231.81  2223.36897623658
232.327 2208.20147613363
232.844 2175.40185185511
233.361 2176.61513968514
233.878 2175.59923394419
234.395 2163.5009660863
234.912 2144.91386661658
235.429 2145.79215395264
235.946 2136.29855755024
236.463 2120.71434459125
236.98  2105.77033673461
237.497 2097.73916057919
238.014 2096.69616117352
238.531 2085.8920733521
239.048 2089.3981582007
239.565 2078.05176975698
240.082 2064.36526393887
240.599 2036.93815008642
241.116 2012.56394238949
241.633 1994.08225818296
242.15  1978.25572899369
242.667 1979.95679630459
243.184 1988.08516660582
243.701 1980.8954651864
244.218 1984.43032746746
244.735 1971.67959539022
245.252 1958.86401082344
245.769 1950.84018135272
246.286 1941.32814937023
246.803 1941.54631036857
247.32  1947.74824340568
247.837 1929.65840738315
248.354 1895.30370677212
248.871 1891.15510042202
249.388 1882.71037354751
249.905 1880.20487780925
250.422 1871.9248248629
250.939 1858.03700556747
251.456 1848.63754874993
251.973 1835.97827931697
252.49  1827.64351222588
253.007 1812.95918434223
253.524 1800.51388705285
254.041 1790.71539464696
254.558 1790.46150860272
255.075 1784.80994164219
255.592 1781.68469134592
256.109 1771.62674878297
256.626 1767.27702073785
257.143 1765.15485996426
257.66  1759.03457057349
258.177 1755.8816245212
258.694 1736.16238241016
259.211 1725.81227146818
259.728 1722.18469725526
260.245 1723.06226677389
260.762 1727.49732099911
261.279 1721.15275018346
261.796 1719.79875552594
262.313 1712.17181464732
262.83  1704.40473925859
263.347 1685.19661802869
263.864 1678.54423751457
264.381 1665.47443639391
264.898 1673.54230574895
265.415 1664.76848530665
265.932 1653.71569070441
266.449 1636.65459908595
266.966 1622.25554330002
267.483 1614.97125435297
268 1617.75146802083
268.517 1615.3726466108
269.034 1608.55236633829
269.551 1605.40722255175
270.068 1606.55595368565
270.585 1595.10579283404
271.102 1585.45343453322
271.619 1585.78837179681
272.136 1571.1166393955
272.653 1572.14045977813
273.17  1569.91653742338
273.687 1563.15123267845
274.204 1552.84095902685
274.721 1540.20573704024
275.238 1545.48128240031
275.755 1538.55984450109
276.272 1539.13718600646
276.789 1535.20599587479
277.306 1527.32063498042
277.823 1528.13441526254
278.34  1509.55451864259
278.857 1501.10996149816
279.374 1491.71082305873
279.891 1489.03325674213
280.408 1491.47104670936
280.925 1491.91560878391
281.442 1492.70488496402
281.959 1495.24218981989
282.476 1492.33101463437
282.993 1478.97370953927
283.51  1474.62840756195
284.027 1486.74435444883
284.544 1498.37349114423
285.061 1510.85981327116
285.578 1543.10960621225
286.095 1590.05743410098
286.612 1610.36150034694
287.129 1605.15288452434
287.646 1628.066255614
288.163 1636.30949372993
288.68  1635.20147451199
289.197 1616.91347933423
289.714 1607.86585839016
290.231 1596.32341369158
290.748 1585.60005276585
291.265 1599.34014392494
291.782 1614.04911349331
292.299 1614.68870973155
292.816 1631.86477783895
293.333 1645.65711097432
293.85  1647.49169036115
294.367 1642.84568726691
294.884 1636.39298658782
295.401 1621.41748989893
295.918 1625.46597862856
296.435 1612.88775846328
296.952 1617.81945430923
297.469 1614.87378860304
297.986 1618.19663393175
298.503 1620.1128898984
299.02  1621.69431269887
299.537 1617.64486477052
300.054 1599.36357730568
300.571 1584.43815638016
301.088 1579.72020797947
301.605 1590.1040199161
302.122 1584.81163868319
302.639 1578.75577651123
303.156 1581.92527696998
303.673 1560.48367620353
304.19  1560.95981694966
304.707 1534.65363697221
305.224 1500.94330578766
305.741 1502.2078161143
306.258 1493.19601619377
306.775 1472.98256149579
307.292 1472.84221044847
307.809 1443.54734214024
308.326 1430.44261066891
308.843 1428.54746748877
309.36  1421.15977181798
309.877 1406.7396918538
310.394 1407.58413160604
310.911 1394.22513791967
311.428 1379.68816646455
311.945 1365.35725913713
312.462 1375.2342102354
312.979 1362.59614679888
313.496 1371.32481891673
314.013 1358.69131812911
314.53  1361.41675186607
315.047 1337.46045175092
315.564 1334.67530724713
316.081 1331.44903800642
316.598 1327.4916462259
317.115 1327.98573672417
317.632 1319.42278210513
318.149 1319.3212358565
318.666 1300.66018039976
319.183 1297.40427122704
319.7   1312.62780581639
320.217 1304.38307838741
320.734 1306.82215091842
321.251 1292.18727795193
321.768 1280.54865363461
322.285 1291.0957120917
322.802 1289.50145238688
323.319 1274.38617162275
323.836 1269.52319367183
324.353 1266.67110797663
324.87  1255.17906845196
325.387 1257.8175679371
325.904 1256.89670640429
326.421 1266.59121552263
326.938 1280.2918989142
327.455 1299.86419738967
327.972 1288.44135232814
328.489 1273.81051848966
329.006 1274.77076081332
329.523 1263.80510328712
330.04  1239.30867039984
330.557 1226.30194526498
331.074 1243.02786989676
331.591 1245.09308337647
332.108 1236.33342377784
332.625 1234.08839484173
333.142 1236.49893523418
333.659 1232.94517387894
334.176 1229.4265822481
334.693 1226.10124229426
335.21  1211.56110914581
335.727 1209.06873976526
336.244 1204.89548544828
336.761 1195.20031820913
337.278 1184.76177003197
337.795 1197.89007354462
338.312 1186.01915590088
338.829 1164.93340655211
339.346 1166.76335092085
339.863 1168.33084890593
340.38  1178.07762408201
340.897 1188.71552086494
341.414 1195.99694949962
341.931 1196.48698782478
342.448 1181.13914015372
342.965 1180.10471225328
343.482 1173.26068479106
343.999 1171.84565123365
344.516 1169.72605420282
345.033 1158.48382309423
345.55  1169.23028751073
346.067 1168.86758572396
346.584 1187.75250787911
347.101 1204.46293696579
347.618 1265.00986699239
348.135 1366.33204028489
348.652 1479.09101354093
349.169 1579.11755519869
349.686 1656.81585444133
350.203 1662.25921458192
350.72  1565.85590192172
351.237 1511.6051597107
351.754 1537.51766852207
352.271 1650.50254106081
352.788 1730.76761929675
353.305 1750.41253321277
353.822 1651.73358610444
354.339 1458.89159440792
354.856 1323.24242035377
355.373 1257.94698004104
355.89  1224.48986256885
356.407 1209.64650043193
356.924 1215.22787904928
357.441 1192.46210465791
357.958 1180.95680407475
358.475 1185.71377582562
358.992 1182.5230854606
359.509 1182.01683893341
360.026 1175.73360002472
360.543 1168.6040390141
361.06  1167.85848958678
361.577 1166.05227230498
362.094 1151.5336053798
362.611 1146.64025009418
363.128 1144.43604594234
363.645 1145.5692418626
364.162 1159.24428638754
364.679 1141.0982968433
365.196 1160.9734582594
365.713 1167.03046850745
366.23  1161.74829859602
366.747 1167.76611049746
367.264 1164.561632688
367.781 1161.91401379918
368.298 1175.09377196609
368.815 1165.9383391545
369.332 1166.42588487043
369.849 1169.78455064957
370.366 1159.19406030851
370.883 1148.81017846509
371.4   1155.15613532115
371.917 1161.29200743839
372.434 1160.59153045372
372.951 1156.02533301108
373.468 1154.66143837285
373.985 1160.88772551581
374.502 1161.7683444935
375.019 1151.59115952838
375.536 1146.68570320179
376.053 1155.87388232172
376.57  1155.99105289904
377.087 1147.30049493338
377.604 1154.96840476294
378.121 1158.09532128257
378.638 1147.62695273067
379.155 1128.69202198657
379.672 1112.96009001613
380.189 1109.24124492675
380.706 1099.95397245769
381.223 1108.77814566597
381.74  1113.53999424352
382.257 1093.56118818396
382.774 1092.09479664269
383.291 1082.37934737386
383.808 1079.92692930645
384.325 1080.61172043825
384.842 1080.82438941364
385.359 1062.18927233922
385.876 1060.45160591985
386.393 1047.10308711929
386.91  1042.21952727442
387.427 1052.26425320927
387.944 1048.35807009223
388.461 1053.80346215053
388.978 1043.98551177772
389.495 1041.75102640238
390.012 1048.65411035764
390.529 1053.53717415583
391.046 1048.99013399513
391.563 1032.63258480774
392.08  1023.74718176092
392.597 1020.8348697757
393.114 1018.19704512719
393.631 1014.74506668735
394.148 1017.93292399365
394.665 1020.36254495255
395.182 1022.56760677867
395.699 1014.37189429782
396.216 1012.6188226217
396.733 1009.979529738
397.25  1001.41045562599
397.767 994.269487164293
398.284 1002.08326766166
398.801 1000.36844157288
399.318 1018.60230878162
399.835 1041.62840813607
400.352 1055.22453992989
400.869 1042.04409626815
401.386 1018.12509782711
401.903 1014.10987853655
402.42  1012.98416943984
402.937 1007.03225677479
403.454 1000.81252958513
403.971 989.720945220342
404.488 989.702552834893
405.005 975.900789701773
405.522 984.422612511537
406.039 987.947767677463
406.556 991.865184937855
407.073 991.850014528439
407.59  982.612307008482
408.107 986.864237522926
408.624 987.879079435211
409.141 990.860195451969
409.658 984.366308328292
410.175 974.096969300759
410.692 976.014227149707
411.209 977.473124727038
411.726 962.133480482245
412.243 957.550651045422
412.76  956.468143435233
413.277 964.126360511784
413.794 967.119471986132
414.311 962.332485800942
414.828 961.567241725
415.345 962.318681752512
415.862 968.002563229671
416.379 968.859799517051
416.896 966.795478931549
417.413 956.211175965776
417.93  961.487320238329
418.447 953.281993139434
418.964 942.917382777406
419.481 932.91282047331
419.998 921.253123100348
420.515 931.335799041075
421.032 916.290056761691
421.549 895.001265319867
422.066 898.874699631438
422.583 896.548332021973
423.1   903.023744856934
423.617 907.232401470041
424.134 894.811992302717
424.651 892.736241308909
425.168 883.15793523722
425.685 880.0916481576
426.202 883.700724132734
426.719 881.28273448042
427.236 877.220384653389
427.753 880.286518243742
428.27  884.542432439872
428.787 890.849697445607
429.304 889.195343837874
429.821 879.769565353352
430.338 881.181536094293
430.855 875.954640285433
431.372 874.325538259944
431.889 872.866875316824
432.406 858.712981644625
432.923 852.728207786463
433.44  854.920702191409
433.957 861.095295518789
434.474 866.557366103883
434.991 858.542411922393
435.508 850.366182645942
436.025 843.470503697565
436.542 845.89599022148
437.059 849.101489060931
437.576 850.451305887446
438.093 849.021017195841
438.61  846.298266655981
439.127 849.354893563797
439.644 846.312238718427
440.161 839.272172969216
440.678 826.924646978277
441.195 832.356669789501
441.712 836.353439146889
442.229 835.593996213343
442.746 826.85118292902
443.263 835.894666033899
443.78  827.880550407008
444.297 822.779411842403
444.814 817.613394230397
445.331 817.149653967183
445.848 816.57438057854
446.365 812.427131463392
446.882 812.506005969716
447.399 820.353136434951
447.916 812.607508345285
448.433 796.906271809057
448.95  797.698530139227
449.467 798.88472185522
449.984 799.756475047566
450.501 794.211062510313
451.018 800.697959405334
451.535 795.94562657538
452.052 807.624500321533
452.569 809.6239296188
453.086 789.646747402277
453.603 772.423156209001
454.12  764.368774568729
454.637 763.210683511466
455.154 764.591945651575
455.671 769.60227394322
456.188 768.512682380266
456.705 777.595366292997
457.222 777.658870795932
457.739 775.401541455304
458.256 764.20603679713
458.773 769.958977558261
459.29  765.896771676542
459.807 758.220217850517
460.324 755.401667242047
460.841 753.097932258155
461.358 748.600782136466
461.875 741.620456018524
462.392 749.076363837617
462.909 741.513507903013
463.426 737.160221334388
463.943 744.284316383308
464.46  745.428132274064
464.977 743.688821329547
465.494 746.30409668562
466.011 735.006448817813
466.528 741.431352708548
467.045 736.655927819546
467.562 742.35416992015
468.079 737.747762940313
468.596 727.262259266439
469.113 722.124479484244
469.63  724.601432247073
470.147 713.366398975207
470.664 701.242058115875
471.181 704.55436112204
471.698 724.259534773583
472.215 727.714088157241
472.732 723.553749229134
473.249 714.998305935295
473.766 714.132204326855
474.283 708.756126920073
474.8   698.287484404713
475.317 704.236338390504
475.834 707.527395278411
476.351 708.890313920869
476.868 702.240085947178
477.385 699.903813339439
477.902 694.302722675513
478.419 698.470451875504
478.936 692.621141230706
479.453 691.419552331103
479.97  688.207063661999
480.487 694.864658839056
481.004 688.189518630535
481.521 674.305970925868
482.038 670.53154608337
482.555 671.648815667362
483.072 668.455840853038
483.589 677.499507415178
484.106 682.690893268648
484.623 676.454121674645
485.14  676.695226301452
485.657 669.748495801319
486.174 672.165414590054
486.691 664.190118637171
487.208 666.851439366947
487.725 662.770907876502
488.242 668.726094270598
488.759 660.777781132367
489.276 661.23286977414
489.793 653.697561436493
490.31  647.288935656548
490.827 657.268549777224
491.344 653.494029337868
491.861 651.878490272437
492.378 653.808453429295
492.895 641.027214002239
493.412 642.083311800776
493.929 638.052492061907
494.446 643.138477413242
494.963 646.076249720815
495.48  636.907836317074
495.997 639.431675167767
496.514 638.430394100762
497.031 635.719853747383
497.548 635.91005473406
498.065 636.952767495522
498.582 638.027572693505
499.099 634.232679303627
499.616 632.8228870329
500.133 622.455288869122
500.65  623.13304494231
501.167 618.514951655406
501.684 614.929480361811
502.201 613.700129768287
502.718 620.750562509148
503.235 610.931643896989
503.752 603.436901548793
504.269 606.232598580026
504.786 608.596444626203
505.303 604.149696607508
505.82  609.154972006236
506.337 613.916089522711
506.854 611.546015040515
507.371 605.34512496815
507.888 599.856566472026
508.405 597.251831793998
508.922 596.906403835603
509.439 593.492402659778
509.956 591.118826141839
510.473 586.500977753793
510.99  586.171355636654
511.507 594.591250979472
512.024 596.637872664144
512.541 596.361397071734
513.058 595.959569099601
513.575 589.104949997817
514.092 587.3588575668
514.609 589.469826640249
515.126 583.881798299649
515.643 581.630048794635
516.16  580.72193885295
516.677 579.494186584301
517.194 585.337776165675
517.711 579.178223124615
518.228 580.67183290976
518.745 574.118457435841
519.262 573.999251268965
519.779 570.584389349139
520.296 563.840127145447
520.813 561.57441510064
521.33  564.269182704119
521.847 569.022841437472
522.364 562.156796131286
522.881 559.133621470968
523.398 558.610107889109
523.915 550.555548224176
524.432 551.433497636338
524.949 545.74223450022
525.466 551.525375931226
525.983 552.590868942832
526.5   556.161476931599
527.017 552.369310847579
527.534 548.328032604917
528.051 542.597367679926
528.568 537.273912507633
529.085 541.640948810593
529.602 547.548688862153
530.119 556.296576098608
530.636 556.000139023856
531.153 544.382562297157
531.67  552.276474430442
532.187 566.285258817165
532.704 567.684931288807
533.221 564.221195300409
533.738 571.670278772792
534.255 580.697253356942
534.772 591.716123031317
535.289 605.997361752205
535.806 608.932511200212
536.323 621.353570605139
536.84  629.013179938386
537.357 651.791981474739
537.874 667.915792434944
538.391 673.614349918692
538.908 676.486643666096
539.425 677.40036674499
539.942 674.689155175503
540.459 672.198105325689
540.976 670.678897720813
541.493 665.802395842328
542.01  653.846103261107
542.527 638.390492176883
543.044 628.050933801672
543.561 624.06556098987
544.078 612.790098096925
544.595 606.521136590572
545.112 611.872260076149
545.629 616.628790991561
546.146 613.695315885442
546.663 616.593972563149
547.18  615.526131159399
547.697 613.447246906569
548.214 604.606222788201
548.731 595.299036533676
549.248 580.895132981902
549.765 581.043180614795
550.282 581.538224822353
550.799 585.984476597846
551.316 584.980309020355
551.833 579.446258541179
552.35  578.153638443288
552.867 578.736596224362
553.384 586.871535468393
553.901 595.774959231411
554.418 582.282667104934
554.935 588.960570316477
555.452 580.299958222717
555.969 584.582635124616
556.486 591.336427652145
557.003 580.168335927898
557.52  576.153913182727
558.037 573.285166523725
558.554 574.310662863848
559.071 567.038200750156
559.588 568.165110648964
560.105 567.800640263822
560.622 565.645086759648
561.139 564.603145775687
561.656 565.960106843878
562.173 571.634051528432
562.69  579.970787391141
563.207 575.662309862735
563.724 577.262868408113
564.241 578.568494156535
564.758 578.216227345259
565.275 574.312453337784
565.792 563.643063894282
566.309 556.628312106759
566.826 548.851322920246
567.343 547.752893888159
567.86  554.528084011441
568.377 550.363854822255
568.894 549.637668288877
569.411 557.550923396151
569.928 559.069742587077
570.445 550.933669201832
570.962 548.309212973144
571.479 550.277874675605
571.996 554.64670590001
572.513 557.689776060094
573.03  550.664532035466
573.547 536.930434787797
574.064 535.507610553726
574.581 543.3275312333
575.098 547.18462435203
575.615 544.695961490517
576.132 543.668120422614
576.649 545.821527869297
577.166 547.640489362184
577.683 542.86855845895
578.2   536.913562552206
578.717 541.314044659588
579.234 536.198185203911
579.751 535.35547119413
580.268 529.073450838125
580.785 525.333030474437
581.302 523.461412719423
581.819 516.378206002234
582.336 518.632496743725
582.853 519.948556177176
583.37  507.077961619777
583.887 503.495524151235
584.404 509.049120279119
584.921 508.231841601616
585.438 511.071483680307
585.955 509.638575411277
586.472 498.677807590086
586.989 501.259799974505
587.506 505.799362866445
588.023 503.772227101474
588.54  508.068975353867
589.057 507.149359753836
589.574 504.240669404478
590.091 503.778560987867
590.608 506.904944911847
591.125 500.900482265373
591.642 496.982753123265
592.159 496.271109157173
592.676 494.977980285883
593.193 497.724802885633
593.71  494.960051817463
594.227 489.707851939653
594.744 484.329433585419
595.261 481.3892206505
595.778 478.480555304602
596.295 483.655842841297
596.812 483.548580130463
597.329 481.766193494356
597.846 481.888240199972
598.363 481.70953987804
598.88  487.477758380826
599.397 480.84104980718
599.914 478.030913383452
600.431 469.245560498862
600.948 469.988616787272
601.465 471.606955172014
601.982 471.529729682038
602.499 476.157780215931
603.016 471.962725367314
603.533 469.615395270157
604.05  474.051337456568
604.567 463.411931062849
605.084 465.25325191
605.601 463.904132140862
606.118 470.188482007499
606.635 477.834388188717
607.152 475.273912524331
607.669 472.28532838704
608.186 472.930811325708
608.703 463.799735561623
609.22  457.592404312488
609.737 455.006490032144
610.254 455.243461314756
610.771 460.96321844087
611.288 457.310266048303
611.805 451.63581963271
612.322 446.691071820322
612.839 453.032406979807
613.356 447.919230595356
613.873 452.388901776291
614.39  444.757993670459
614.907 444.544498757304
615.424 443.718615169247
615.941 437.449120379561
616.458 439.712551169261
616.975 438.421270073588
617.492 437.237067585748
618.009 430.290357436838
618.526 428.657240223421
619.043 434.700287541955
619.56  436.491266914746
620.077 440.146935552703
620.594 434.006237160179
621.111 427.898858532604
621.628 422.5332175167
622.145 418.482712409647
622.662 426.607017671704
623.179 433.94413856265
623.696 433.512591212658
624.213 435.831330139294
624.73  438.524949149578
625.247 428.46447431426
625.764 423.161463283717
626.281 424.775985292802
626.798 418.570988046589
627.315 418.143477886658
627.832 413.951846645458
628.349 413.505853354482
628.866 412.707847824466
629.383 408.591270783676
629.9   408.983576352368
630.417 415.523182536477
630.934 415.732898082197
631.451 415.988553532604
631.968 411.218294499644
632.485 405.786069051528
633.002 408.341926834766
633.519 405.575460969303
634.036 405.66891289342
634.553 396.124734505692
635.07  395.719016613923
635.587 401.225210654239
636.104 402.822914479633
636.621 399.470914221831
637.138 399.238547155635
637.655 396.193622312818
638.172 386.392729976489
638.689 388.434007861316
639.206 393.241465339115
639.723 398.010943275335
640.24  396.352818456651
640.757 393.256030797182
641.274 389.728299795531
641.791 388.208147853101
642.308 385.488406830675
642.825 382.477256714832
643.342 382.273469558266
643.859 383.036798588433
644.376 381.59094727815
644.893 383.89121579719
645.41  383.555969337013
645.927 385.755084357887
646.444 388.512398181187
646.961 392.189750989108
647.478 392.792786993327
647.995 392.550179421941
648.512 391.713413855755
649.029 388.089837375087
649.546 386.031552849964
650.063 376.830484136446
650.58  373.350860151984
651.097 371.60053735318
651.614 368.169107312955
652.131 369.482853303366
652.648 378.308010268415
653.165 378.003477692795
653.682 381.240618111963
654.199 378.556043254447
654.716 374.08967926133
655.233 374.46680434466
655.75  372.468262139097
656.267 373.763717750187
656.784 372.75726137318
657.301 368.146958547078
657.818 365.337557156374
658.335 365.482074883267
658.852 364.13297154418
659.369 358.04719136602
659.886 360.113220253485
660.403 358.954469579842
660.92  365.297445328189
661.437 366.977748136861
661.954 364.635799660918
662.471 353.181781519604
662.988 350.082182759586
663.505 352.025581200265
664.022 356.257245226315
664.539 357.241813223696
665.056 358.226706237998
665.573 358.924661539769
666.09  353.535774374681
666.607 352.102604804642
667.124 349.283703185438
667.641 354.423867790199
668.158 358.513302523125
668.675 363.043992315201
669.192 362.743306287696
669.709 356.871947681784
670.226 347.755379034607
670.743 341.01693844505
671.26  341.950811432407
671.777 343.82461689352
672.294 344.724617856929
672.811 345.793390981676
673.328 340.515172291667
673.845 340.905771179278
674.362 343.139939878227
674.879 338.107708802294
675.396 330.900477196988
675.913 324.458875709269
676.43  324.104569753323
676.947 330.702280347955
677.464 336.937853262886
677.981 331.852852312229
678.498 328.88941685456
679.015 323.415662979399
679.532 322.415922830671
680.049 326.450749779641
680.566 330.856396775003
681.083 331.92771990794
681.6   329.84306402027
682.117 327.808929211304
682.634 324.408687415348
683.151 315.690117965928
683.668 315.629966467452
684.185 319.71562194408
684.702 317.641213714799
685.219 315.133579200301
685.736 318.189256737334
686.253 318.903387328193
686.77  319.106324718781
687.287 315.876792216403
687.804 312.53082609526
688.321 312.804219658343
688.838 312.259202378157
689.355 317.940342463445
689.872 319.309279255986
690.389 319.397104351469
690.906 317.977618642648
691.423 311.496444983444
691.94  315.056709717668
692.457 311.810870704516
692.974 308.598179448993
693.491 300.451756487527
694.008 301.784873172132
694.525 305.051008992784
695.042 307.662050130962
695.559 303.423392577042
696.076 297.509200012421
696.593 292.24774648735
697.11  297.970421312195
697.627 300.361108923994
698.144 299.886438731177
698.661 296.272021333499
699.178 293.740201618301
699.695 292.679928601524
700.212 295.638729274869
700.729 301.131224714986
701.246 294.23529684568
701.763 300.305315953343
702.28  295.836355062259
702.797 293.253775392351
703.314 287.635049688508
703.831 293.815778487487
704.348 295.952762751576
704.865 293.757565291475
705.382 285.575050224192
705.899 286.955435755217
706.416 290.926570532615
706.933 293.87185609095
707.45  293.041398500893
707.967 287.951798540779
708.484 287.687811560885
709.001 283.773171649155
709.518 287.414273678764
710.035 291.14865739688
710.552 288.480271845146
711.069 294.671439364484
711.586 291.57712833503
712.103 290.626690278898
712.62  290.75129199487
713.137 291.546146120961
713.654 292.912981438125
714.171 284.090242251823
714.688 287.68981600416
715.205 287.66490902538
715.722 290.777092772513
716.239 291.416854209451
716.756 286.731887216476
717.273 286.052996291597
717.79  288.504357470425
718.307 288.394851348825
718.824 285.539689842264
719.341 285.737080679077
719.858 283.767592340184
720.375 288.407071688112
720.892 285.228616905552
721.409 284.873613771392
721.926 282.389230138281
722.443 282.189365754268
722.96  278.121911665187
723.477 278.711595294485
723.994 276.30641379006
724.511 272.687694112987
725.028 272.725775172703
725.545 270.126498107245
726.062 271.593097216888
726.579 266.567552198353
727.096 267.866391420488
727.613 267.435062428734
728.13  265.859501669838
728.647 267.947652946278
729.164 266.048583129135
729.681 265.933725048042
730.198 269.818716728291
730.715 270.15239470474
731.232 270.584916046124
731.749 273.718327407046
732.266 269.776981096507
732.783 270.81840537363
733.3   267.370130106513
733.817 268.373727167217
734.334 266.18591521252
734.851 266.789811510615
735.368 257.402661898785
735.885 254.834623748731
736.402 256.587782231336
736.919 255.458234822593
737.436 258.428017862171
737.953 257.401898773797
738.47  258.475616712133
738.987 258.784106590355
739.504 260.133638240516
740.021 261.091058171468
740.538 264.592320674156
741.055 260.256747102429
741.572 261.126914835141
742.089 256.05635995917
742.606 250.171535856988
743.123 250.63862874825
743.64  254.466186174969
744.157 251.756103290018
744.674 247.07262989198
745.191 246.637898488095
745.708 247.953168176157
746.225 243.782547484068
746.742 247.72416994918
747.259 250.970785770635
747.776 251.434319124593
748.293 248.395135606078
748.81  247.497981024381
749.327 246.542997377896
749.844 239.872359139026
750.361 246.617835994763
750.878 241.742074743485
751.395 243.824783651832
751.912 243.759292917773
752.429 237.840171006444
752.946 237.087390539433
753.463 242.143057378932
753.98  235.580688675537
754.497 236.550673603542
755.014 232.274886843178
755.531 232.234055352498
756.048 236.749877407612
756.565 241.53965467089
757.082 235.136239367575
757.599 233.058929735378
758.116 227.559270452682
758.633 234.834011291428
759.15  230.644158664121
759.667 228.948765935154
760.184 229.860813287982
760.701 228.843259310311
761.218 230.781323466444
761.735 227.306623136197
762.252 222.879294167369
762.769 231.105869550768
763.286 231.540627551602
763.803 229.421330930771
764.32  228.415047534677
764.837 227.139111003847
765.354 224.135563276557
765.871 224.059224990844
766.388 219.425138498318
766.905 216.439592274624
767.422 217.607556594256
767.939 222.046801126145
768.456 225.196388780084
768.973 225.097642484779
769.49  223.41556994762
770.007 224.383334399622
770.524 225.537873055335
771.041 215.1360549506
771.558 217.171896712719
772.075 218.225747785403
772.592 214.753636120331
773.109 219.729685544673
773.626 219.363925945098
774.143 218.837331844552
774.66  212.870068334025
775.177 213.11520014798
775.694 217.101743708382
776.211 216.174500635237
776.728 208.340703891389
777.245 207.776099292372
777.762 207.876039446499
778.279 210.259399118844
778.796 201.455970366737
779.313 205.339714744892
779.83  205.539378420341
780.347 211.776454782975
780.864 218.230782758228
781.381 214.019304897434
781.898 213.943089157923
782.415 213.970196812828
782.932 213.292955097457
783.449 211.198717686595
783.966 212.542008873432
784.483 214.030789395521
785 213.593455602
785.517 212.270768741012
786.034 213.264887720045
786.551 209.48173845771
787.068 206.024975889506
787.585 205.943266644666
788.102 203.408803813707
788.619 207.578527975721
789.136 204.462460997441
789.653 203.802221456569
790.17  202.605538267878
790.687 202.486616899421
791.204 201.919442301036
791.721 203.597338757993
792.238 207.247029725003
792.755 207.311287713996
793.272 208.555887795228
793.789 209.052814375033
794.306 207.160329561461
794.823 207.304632747919
795.34  199.834153412147
795.857 196.045897372031
796.374 192.271553119297
796.891 198.42688091154
797.408 198.542807767084
797.925 195.735324104422
798.442 196.778811276308
798.959 194.516916156476
799.476 199.422964356587
799.993 202.545677037218
800.51  201.127080342766
801.027 199.004945123654
801.544 192.496189309682
802.061 191.713175989136
802.578 194.936112221954
803.095 196.464726398129
803.612 194.535039088671
804.129 195.679385046604
804.646 196.568575372443
805.163 194.018000321075
805.68  193.979970823235
806.197 193.853116079499
806.714 191.858427061024
807.231 190.781688935255
807.748 194.62321804912
808.265 191.398029367236
808.782 187.879934823057
809.299 188.241349545543
809.816 189.075661603945
810.333 190.439808270033
810.85  191.459909161021
811.367 189.201305990588
811.884 188.394810433356
812.401 185.136942794357
812.918 179.652215565299
813.435 181.562923371832
813.952 187.3847256068
814.469 190.82162974297
814.986 193.554180128173
815.503 189.126861889282
816.02  186.99391964796
816.537 187.670553741378
817.054 186.807605278658
817.571 184.94263625817
818.088 188.495680808841
818.605 190.181217544361
819.122 182.107650666754
819.639 180.831790916071
820.156 180.006032262895
820.673 179.122302604901
821.19  181.91940319828
821.707 182.038494297736
822.224 185.068683987235
822.741 188.735793171743
823.258 183.692411038701
823.775 179.497964607347
824.292 176.243945385294
824.809 176.935647047175
825.326 181.326845601508
825.843 186.154699167614
826.36  187.626645967466
826.877 185.836308691775
827.394 183.640995434477
827.911 180.327012447514
828.428 178.458306859147
828.945 180.914439681892
829.462 177.574878138055
829.979 177.566852749455
830.496 177.257901602022
831.013 177.397281751569
831.53  180.867403327691
832.047 182.005624972208
832.564 179.261904733687
833.081 176.428368289758
833.598 178.164245249185
834.115 175.762120396769
834.632 175.623638765301
835.149 173.344447310401
835.666 172.37757228892
836.183 176.409521359902
836.7   175.132901577663
837.217 174.276806587442
837.734 170.429662322495
838.251 169.416278481189
838.768 166.604193690897
839.285 170.262489025898
839.802 172.132566681768
840.319 169.718172188876
840.836 167.866704288538
841.353 170.815254443858
841.87  171.834344232151
842.387 167.197753095411
842.904 164.049936177551
843.421 165.497027428815
843.938 164.504545440816
844.455 166.924050735865
844.972 166.868286430405
845.489 166.918755899274
846.006 167.39009434981
846.523 172.34596898849
847.04  169.096170207445
847.557 168.667774817334
848.074 167.71105095385
848.591 168.152691359631
849.108 163.096424472335
849.625 164.115253278357
850.142 161.247991705807
850.659 160.388924666542
851.176 163.549233839478
851.693 170.438812444619
852.21  164.464592918637
852.727 161.211776810633
853.244 162.92804029608
853.761 161.004653351446
854.278 156.094837788131
854.795 154.980468750897
855.312 155.732834419067
855.829 154.728726598189
856.346 158.22663309979
856.863 157.178934704757
857.38  158.128254721822
857.897 159.950360812579
858.414 154.905213259848
858.931 151.736955317022
859.448 152.228480567256
859.965 149.088243612263
860.482 145.530612218684
860.999 146.217840107147
861.516 144.683711707026
862.033 144.745339836275
862.55  145.572914697305
863.067 145.76307522237
863.584 139.472093423003
864.101 140.131939866995
864.618 140.129059149785
865.135 138.760292145078
865.652 134.381992617643