174.94  3791.95274038768
175.457 3692.68953041404
175.974 3635.12230885255
176.491 3539.67542809661
177.008 3528.94815659681
177.525 3542.53518052317
178.042 3484.09060955291
178.559 3523.39343119812
179.076 3566.74128052462
179.593 3586.87151780581
180.11  3543.72662782673
180.627 3578.7158864324
181.144 3619.50864681333
181.661 3602.88102069864
182.178 3582.21030250985
182.695 3505.26602077318
183.212 3428.52762770657
183.729 3395.75468022027
184.246 3398.42385563716
184.763 3400.20150585966
185.28  3350.7755420567
185.797 3326.59927834494
186.314 3270.13777143674
186.831 3236.95471445421
187.348 3218.58449544634
187.865 3160.006862797
188.382 3088.43636044643
188.899 3093.99797166183
189.416 3133.70823618967
189.933 3111.30162916723
190.45  3141.30894984379
190.967 3122.54054372167
191.484 3061.15607012691
192.001 3075.00236122941
192.518 3088.86331586364
193.035 3042.96868617527
193.552 2987.63269885123
194.069 2986.45088399459
194.586 2975.36568856984
195.103 2930.624138901
195.62  2929.63060171963
196.137 2942.0811015583
196.654 2958.63075098592
197.171 2942.63300591007
197.688 2982.30400749449
198.205 2988.48798200882
198.722 3004.81683913311
199.239 2920.13494344752
199.756 2886.45712727149
200.273 2810.80628858008
200.79  2792.28989778153
201.307 2798.44530216983
201.824 2856.11312994574
202.341 2909.79380179937
202.858 2902.99082532778
203.375 2901.81440118828
203.892 2889.90765195528
204.409 2846.03217066047
204.926 2884.17536561468
205.443 2913.74470129865
205.96  2946.64774369123
206.477 2974.7165783676
206.994 3008.41034113135
207.511 2993.40371887297
208.028 2978.31046960475
208.545 2993.01766530063
209.062 2920.17066747048
209.579 2863.84496860902
210.096 2836.61333149917
210.613 2879.07995519175
211.13  2845.94863621661
211.647 2825.20277597177
212.164 2815.91130243329
212.681 2828.63184511853
213.198 2803.84056644672
213.715 2824.67526750928
214.232 2818.38000838839
214.749 2817.73679249047
215.266 2790.09163177617
215.783 2774.87566289512
216.3   2779.4641197363
216.817 2764.65485462303
217.334 2752.36149449848
217.851 2731.05746230615
218.368 2738.76607652373
218.885 2715.45616923596
219.402 2704.21093856945
219.919 2643.84534714057
220.436 2633.38679296298
220.953 2621.77508841644
221.47  2599.75601058224
221.987 2612.04686076286
222.504 2620.12584170097
223.021 2615.18316199775
223.538 2587.41308202241
224.055 2589.61189249538
224.572 2619.56615766362
225.089 2610.58497780686
225.606 2602.60204809642
226.123 2547.60760358477
226.64  2547.09892196649
227.157 2573.70954610509
227.674 2553.8604479638
228.191 2517.55604395321
228.708 2492.35911579675
229.225 2477.21406633157
229.742 2472.68964763519
230.259 2445.65432857581
230.776 2439.78856312474
231.293 2408.76291049835
231.81  2390.05423427724
232.327 2393.89043259137
232.844 2376.63489011752
233.361 2416.06375117236
233.878 2385.08893427555
234.395 2406.43792800084
234.912 2358.4727325883
235.429 2378.62255753883
235.946 2389.28170186923
236.463 2395.24882025724
236.98  2398.21208198698
237.497 2403.92457017912
238.014 2365.34548060319
238.531 2323.80071641847
239.048 2327.89701180487
239.565 2352.59341159588
240.082 2340.38138174986
240.599 2346.61232565407
241.116 2297.95349888381
241.633 2297.01859884832
242.15  2275.86771442161
242.667 2286.43252913203
243.184 2298.47469695993
243.701 2221.02403717145
244.218 2193.52334648368
244.735 2198.82114430743
245.252 2185.04971769296
245.769 2165.90716033331
246.286 2125.24158704456
246.803 2099.24348309455
247.32  2103.58387897685
247.837 2116.7422069559
248.354 2125.05297415484
248.871 2101.70418107242
249.388 2086.53948022145
249.905 2113.27883124597
250.422 2121.60128979879
250.939 2108.39462948422
251.456 2063.71716895095
251.973 2051.97130331133
252.49  2066.78619704322
253.007 2077.8647656832
253.524 2125.68846931857
254.041 2106.3273681997
254.558 2075.46743998305
255.075 2046.73280060652
255.592 2024.07428896104
256.109 2042.80631246541
256.626 2068.44819638119
257.143 2062.15493107207
257.66  2081.28753593616
258.177 2049.54883446479
258.694 2025.91412387182
259.211 2022.19758904458
259.728 2044.18852955761
260.245 2078.75907426662
260.762 2054.20279516675
261.279 2022.94985186095
261.796 1957.92907094485
262.313 1913.10097278732
262.83  1890.4509054125
263.347 1907.99838857921
263.864 1908.43533914639
264.381 1896.88425449396
264.898 1915.81808222753
265.415 1894.63553138337
265.932 1848.93676512375
266.449 1878.90254434113
266.966 1899.36919243294
267.483 1912.2062080211
268 1925.27959443986
268.517 1914.70476966205
269.034 1903.47674236193
269.551 1883.89999267977
270.068 1899.63521788785
270.585 1886.62917994302
271.102 1866.45680004279
271.619 1864.48845530964
272.136 1832.91550167736
272.653 1821.24055633677
273.17  1815.34858021989
273.687 1807.37152934607
274.204 1813.74371167243
274.721 1800.4708517015
275.238 1788.40551362706
275.755 1787.16814817783
276.272 1784.5324279367
276.789 1795.93385085621
277.306 1796.87395695073
277.823 1733.53698718313
278.34  1703.55919067945
278.857 1710.61384344277
279.374 1736.59604457762
279.891 1793.70934004081
280.408 1788.91364733634
280.925 1802.73348484837
281.442 1788.54334752243
281.959 1806.88625170713
282.476 1801.79114767786
282.993 1837.50586810589
283.51  1929.8111067336
284.027 2024.60759352122
284.544 2096.86519022592
285.061 2126.07820770754
285.578 2136.6036121232
286.095 2158.03821093638
286.612 2204.59316951456
287.129 2210.34368392069
287.646 2160.52301095315
288.163 2159.68917099721
288.68  2140.58625758309
289.197 2051.30811083454
289.714 2018.89585138541
290.231 1917.85122150293
290.748 1846.88049841012
291.265 1795.15274336269
291.782 1728.39495475263
292.299 1679.93673060599
292.816 1623.3974094215
293.333 1583.77514353231
293.85  1539.14711298773
294.367 1499.87833719249
294.884 1508.43174553824
295.401 1511.20749364383
295.918 1528.81333322091
296.435 1482.22806832895
296.952 1376.27826493824
297.469 1258.78885949695
297.986 1274.60379156264
298.503 1290.98565809969
299.02  1301.52510912679
299.537 1299.89400223997
300.054 1335.76793995969
300.571 1417.4144273574
301.088 1458.9185581842
301.605 1477.74900564096
302.122 1459.66045989926
302.639 1492.85446500762
303.156 1550.40280313706
303.673 1675.62322865114
304.19  1737.17059993409
304.707 1797.59327116373
305.224 1832.24683677623
305.741 1830.17182819757
306.258 1821.86460838283
306.775 1854.84769343244
307.292 1855.76986782033
307.809 1872.12996642102
308.326 1877.16162386523
308.843 1863.87762409338
309.36  1863.99457842657
309.877 1874.48695524072
310.394 1914.90923073699
310.911 1869.41177517635
311.428 1808.29780399815
311.945 1760.39999163931
312.462 1768.79870386246
312.979 1807.2412886235
313.496 1788.8644359682
314.013 1807.5728216597
314.53  1826.10138580101
315.047 1822.97965092213
315.564 1830.31606209261
316.081 1865.40132153561
316.598 1867.154581844
317.115 1878.09968575508
317.632 1903.58716272319
318.149 1862.63292262823
318.666 1875.44892830374
319.183 1885.15859339477
319.7   1844.71480725726
320.217 1848.48689211133
320.734 1818.4018763206
321.251 1808.94355182477
321.768 1805.75506939892
322.285 1839.96738855454
322.802 1853.62654077482
323.319 1841.58434537971
323.836 1847.74958621182
324.353 1838.37109472224
324.87  1852.453374842
325.387 1935.10503074265
325.904 1941.54210215017
326.421 1900.35896227442
326.938 1825.65459815495
327.455 1764.00394046816
327.972 1702.69633385131
328.489 1709.88182474755
329.006 1749.18338851281
329.523 1762.0525485913
330.04  1776.85740728052
330.557 1795.66235257536
331.074 1772.27801128109
331.591 1735.77290210536
332.108 1742.68156853315
332.625 1795.76854870695
333.142 1802.4390032083
333.659 1804.50335010951
334.176 1783.37297156267
334.693 1764.60340064504
335.21  1715.40151279861
335.727 1713.71671331539
336.244 1689.71720784867
336.761 1692.71520318564
337.278 1650.95306737741
337.795 1622.89513644585
338.312 1638.63760245583
338.829 1651.41741537389
339.346 1615.99040178141
339.863 1589.07103371855
340.38  1594.25736794403
340.897 1615.37707200213
341.414 1625.72409280639
341.931 1608.42625770328
342.448 1615.28415793865
342.965 1590.59279510324
343.482 1590.5238596018
343.999 1575.95296099834
344.516 1579.58476500124
345.033 1626.95830315122
345.55  1659.34052328845
346.067 1602.21587610694
346.584 1606.11275815578
347.101 1610.07048455965
347.618 1583.7170600026
348.135 1595.46095722485
348.652 1636.15655110084
349.169 1664.87683435365
349.686 1651.88853645695
350.203 1654.84246024419
350.72  1654.68265400678
351.237 1665.69529647737
351.754 1707.19931536409
352.271 1684.02962332547
352.788 1667.85945251895
353.305 1628.25203795618
353.822 1582.42099082352
354.339 1588.9737893091
354.856 1571.4668965357
355.373 1582.59089409903
355.89  1573.46135994746
356.407 1575.51341407709
356.924 1560.95702009289
357.441 1579.11576512976
357.958 1586.32422197552
358.475 1579.60669211094
358.992 1547.05589586236
359.509 1545.28211996728
360.026 1519.66127391237
360.543 1508.66631260611
361.06  1512.73227181136
361.577 1476.90685888879
362.094 1447.29964984817
362.611 1429.78535687298
363.128 1460.91606562283
363.645 1443.17618215265
364.162 1442.45713552647
364.679 1378.68948554092
365.196 1383.8320524903
365.713 1445.73201293177
366.23  1411.45901897248
366.747 1399.63843611694
367.264 1383.28428741655
367.781 1371.21429177837
368.298 1378.82973867586
368.815 1413.46197258155
369.332 1401.87476578527
369.849 1398.22216211162
370.366 1397.32689333796
370.883 1373.87676830941
371.4   1375.991579618
371.917 1392.40551580376
372.434 1422.13557593547
372.951 1426.30255354223
373.468 1453.46884204228
373.985 1448.4061254443
374.502 1399.2408996337
375.019 1399.74319179973
375.536 1365.97654452072
376.053 1388.4116769932
376.57  1411.01148753955
377.087 1405.91506121011
377.604 1365.36978952145
378.121 1371.10515707173
378.638 1351.09099194331
379.155 1369.35793968583
379.672 1321.4027476311
380.189 1349.54348260847
380.706 1376.15033007851
381.223 1367.45334633657
381.74  1332.07572588982
382.257 1301.23383630788
382.774 1298.56580037861
383.291 1308.44080626916
383.808 1297.438903182
384.325 1307.30866338192
384.842 1292.25975425166
385.359 1330.03171020846
385.876 1333.46920358729
386.393 1355.07586783503
386.91  1337.92177746537
387.427 1312.48918437994
387.944 1312.47591259111
388.461 1337.76064415597
388.978 1340.41536582559
389.495 1351.35053007464
390.012 1319.10047413425
390.529 1298.45802544122
391.046 1293.62640401323
391.563 1277.31831367088
392.08  1300.67250953071
392.597 1296.42787541378
393.114 1296.08063753931
393.631 1251.16438762988
394.148 1262.73859451633
394.665 1290.72795972254
395.182 1291.37858919693
395.699 1297.11524939744
396.216 1279.95883770202
396.733 1275.64141877319
397.25  1290.08861540617
397.767 1323.276481282
398.284 1352.54006775705
398.801 1358.73450219207
399.318 1375.1779633079
399.835 1363.11310956653
400.352 1334.88107804024
400.869 1333.8465425126
401.386 1334.0243380995
401.903 1298.9314633584
402.42  1308.67537552538
402.937 1278.72402668117
403.454 1261.4590132906
403.971 1226.70063153373
404.488 1205.83449714711
405.005 1203.07948839091
405.522 1259.61149121252
406.039 1301.96552973463
406.556 1319.10316655225
407.073 1325.5561530134
407.59  1323.39675550847
408.107 1273.41003454101
408.624 1263.63604653795
409.141 1300.67705062076
409.658 1303.29198490877
410.175 1287.65078160941
410.692 1262.8032863039
411.209 1262.27408697982
411.726 1254.77337082729
412.243 1298.28562972374
412.76  1293.32842303035
413.277 1299.5374408205
413.794 1260.78454128041
414.311 1286.00958518415
414.828 1250.5200297557
415.345 1269.76018700226
415.862 1235.57541042983
416.379 1249.75361771396
416.896 1279.46739558345
417.413 1272.35466821124
417.93  1257.15671514807
418.447 1223.36635288565
418.964 1198.48821720031
419.481 1172.97748485584
419.998 1184.10349316474
420.515 1190.08362887968
421.032 1200.82435942525
421.549 1236.79798562842
422.066 1225.30964561764
422.583 1217.47015932737
423.1   1164.46398402764
423.617 1147.50387557668
424.134 1141.9941503044
424.651 1136.52591991785
425.168 1116.09288995059
425.685 1129.64783634373
426.202 1123.33611170596
426.719 1123.11340517731
427.236 1143.11073951681
427.753 1155.68060952928
428.27  1135.44931377757
428.787 1142.97594363732
429.304 1139.15545073785
429.821 1130.19197707744
430.338 1118.98828738049
430.855 1111.66502219609
431.372 1141.75529933885
431.889 1112.15643794791
432.406 1128.08741079959
432.923 1092.2777592829
433.44  1112.72027939769
433.957 1121.49109940679
434.474 1108.01170594343
434.991 1096.14395609978
435.508 1128.42338212536
436.025 1099.42325558567
436.542 1089.93216438324
437.059 1083.17685131864
437.576 1096.21842376516
438.093 1108.94913051602
438.61  1116.73472896385
439.127 1096.63123973639
439.644 1104.87533245607
440.161 1142.29565207431
440.678 1105.99281541226
441.195 1105.05619685321
441.712 1109.48882784883
442.229 1111.34126628457
442.746 1133.82845436009
443.263 1122.65749336311
443.78  1084.75593514005
444.297 1112.35513190847
444.814 1091.39251873237
445.331 1107.92062618701
445.848 1109.52574462409
446.365 1130.05197189367
446.882 1099.47362925407
447.399 1081.22081742924
447.916 1042.81535855163
448.433 1033.63864481369
448.95  1030.48821159037
449.467 1065.79229878881
449.984 1062.43844340902
450.501 1070.44644808751
451.018 1065.08155068361
451.535 1075.22239462545
452.052 1100.53748637559
452.569 1059.42921319249
453.086 1051.58059154607
453.603 1047.47368812894
454.12  1039.660419334
454.637 1067.01070959469
455.154 1045.17595247482
455.671 1057.07952859534
456.188 1033.13232487036
456.705 1003.34439556982
457.222 998.125703171433
457.739 997.360406065411
458.256 1002.00819661096
458.773 1023.90077008379
459.29  1028.65543939904
459.807 1039.2894161993
460.324 1022.99043489985
460.841 1023.04277599091
461.358 1000.60676711927
461.875 982.901126231692
462.392 996.148256382734
462.909 1017.04827763663
463.426 1011.80328557227
463.943 1026.70331532733
464.46  1042.73050688308
464.977 1033.71107355855
465.494 1020.10962162828
466.011 995.556852229777
466.528 1004.94079414901
467.045 991.91546095586
467.562 985.46827892915
468.079 958.353559490213
468.596 956.178123099951
469.113 966.290388586375
469.63  941.760969339094
470.147 952.30915671519
470.664 967.30978688152
471.181 1002.3380341743
471.698 989.650817700143
472.215 954.476202454661
472.732 940.220020859544
473.249 956.791380337621
473.766 989.95550925028
474.283 990.102217985964
474.8   970.57275148913
475.317 951.719601265186
475.834 938.843326023513
476.351 907.227915702267
476.868 888.012422440329
477.385 880.719096624446
477.902 898.189328656893
478.419 902.795173451823
478.936 899.945122103888
479.453 896.061208730121
479.97  903.708546933673
480.487 916.59693835463
481.004 929.079451928521
481.521 927.740332515499
482.038 938.460258214911
482.555 910.882860865606
483.072 894.945006817072
483.589 903.133486103347
484.106 890.467552042307
484.623 898.641032956559
485.14  891.594948364387
485.657 885.211530971096
486.174 876.887410877601
486.691 880.324519810564
487.208 902.397732809528
487.725 919.188770035546
488.242 894.673662000525
488.759 900.788242166283
489.276 892.578448557002
489.793 905.708234077849
490.31  920.144937351604
490.827 913.418156398041
491.344 924.127125418137
491.861 884.362748045561
492.378 883.800090313484
492.895 895.760656464915
493.412 906.546334377505
493.929 897.171991557923
494.446 899.411669531501
494.963 863.66337029859
495.48  868.79292340762
495.997 864.310958187449
496.514 844.037047024604
497.031 858.544706417386
497.548 847.047395862774
498.065 839.122616470687
498.582 841.570403843559
499.099 853.904850341252
499.616 855.166366717096
500.133 856.225961109636
500.65  842.239488493087
501.167 826.786312990738
501.684 832.192362200316
502.201 833.458746178471
502.718 828.423274615766
503.235 819.201722349454
503.752 809.625789703674
504.269 803.729548890106
504.786 813.311220772657
505.303 813.896798066117
505.82  808.187291705792
506.337 833.189606726662
506.854 843.335708006425
507.371 833.418190199156
507.888 827.925507300942
508.405 807.459581147722
508.922 791.00040633671
509.439 823.240468752804
509.956 853.976213058361
510.473 827.074818313248
510.99  808.610108723629
511.507 758.677947971013
512.024 788.460829950613
512.541 791.467128344685
513.058 802.194083677933
513.575 782.88340857173
514.092 759.30112563928
514.609 786.874470591821
515.126 787.829710050782
515.643 775.816754532433
516.16  785.820465900037
516.677 785.476065799661
517.194 787.243001032661
517.711 804.334872792639
518.228 810.634955430689
518.745 823.618394248773
519.262 816.790514414321
519.779 783.936559855461
520.296 783.529602234118
520.813 804.484377253981
521.33  802.611199506252
521.847 804.768473522952
522.364 765.56418488185
522.881 748.610334835673
523.398 758.133148839095
523.915 738.72072864182
524.432 738.632662193888
524.949 742.347554954042
525.466 737.526474166702
525.983 735.031592478077
526.5   734.214411323032
527.017 712.056913159784
527.534 730.44019472557
528.051 742.468939425264
528.568 742.271109593554
529.085 702.344250737808
529.602 720.409525266778
530.119 735.736225764191
530.636 752.521682595923
531.153 737.375230806308
531.67  727.832882142112
532.187 743.288221332826
532.704 770.231023064011
533.221 789.901834409147
533.738 795.690598679466
534.255 804.364710107671
534.772 787.324757531821
535.289 782.374868753187
535.806 781.163929980234
536.323 799.086330322458
536.84  806.569116767067
537.357 804.852253607862
537.874 842.903828808011
538.391 853.071942524285
538.908 855.621886022102
539.425 830.946523496734
539.942 833.141687838615
540.459 822.012741684833
540.976 805.579025756671
541.493 800.150756974211
542.01  787.180294106161
542.527 790.810117620477
543.044 771.322936642184
543.561 774.072746351257
544.078 788.954334953582
544.595 794.671450658303
545.112 801.335845514858
545.629 799.034890846952
546.146 800.310062615363
546.663 779.187160240038
547.18  802.081360556577
547.697 781.677749155074
548.214 760.629542647667
548.731 744.06147129855
549.248 768.062849156883
549.765 768.255228647583
550.282 738.639587884354
550.799 713.962362631024
551.316 712.182844084158
551.833 722.991846472575
552.35  749.731218451532
552.867 754.126758267159
553.384 718.668511420042
553.901 703.945159005642
554.418 729.734942096058
554.935 752.957002485147
555.452 734.477231346249
555.969 752.584068546109
556.486 748.318856985105
557.003 756.995661179873
557.52  761.469295548265
558.037 762.381598704985
558.554 754.999356344483
559.071 756.565872004555
559.588 762.748977700726
560.105 771.551381239899
560.622 738.035899635557
561.139 726.852620192059
561.656 726.354510220289
562.173 762.54804762985
562.69  767.98283443792
563.207 752.01777364018
563.724 746.96245388482
564.241 726.22370314396
564.758 716.631147153733
565.275 714.816410860486
565.792 700.912399209593
566.309 710.155440902455
566.826 716.818682117874
567.343 703.870479877034
567.86  699.404917386472
568.377 710.411635078726
568.894 727.833773998722
569.411 723.059301038676
569.928 744.633920622427
570.445 740.013679847794
570.962 734.540848830418
571.479 742.092237182377
571.996 724.329930325379
572.513 712.216523664037
573.03  707.210390588887
573.547 703.072675148159
574.064 700.739588617248
574.581 671.705297168281
575.098 669.772624534512
575.615 661.814207500054
576.132 655.219494199103
576.649 658.513196176854
577.166 664.525877520583
577.683 673.035738620933
578.2   672.193402093694
578.717 664.15798718623
579.234 676.310254769466
579.751 654.647236309278
580.268 665.559051872803
580.785 686.467462879549
581.302 668.857843880209
581.819 648.403940098101
582.336 653.819373604982
582.853 661.370470371802
583.37  655.775727180731
583.887 668.537785388056
584.404 653.105683858675
584.921 652.613720278607
585.438 649.167936964393
585.955 648.15301190675
586.472 638.102312272182
586.989 646.19770737314
587.506 645.937851742072
588.023 655.860389110339
588.54  660.965526927346
589.057 656.228048929953
589.574 648.304444408397
590.091 641.201681719635
590.608 668.910986844857
591.125 650.490553615758
591.642 650.369689502702
592.159 633.058928027188
592.676 626.164502676908
593.193 621.199642300832
593.71  628.009681291454
594.227 627.315674417343
594.744 618.009381197556
595.261 627.978907748247
595.778 613.998901484806
596.295 626.332814514672
596.812 617.850992893122
597.329 611.016907559827
597.846 647.985501778794
598.363 662.58100669483
598.88  665.444654422327
599.397 658.524358219543
599.914 641.899714786825
600.431 636.655436773064
600.948 659.138808135013
601.465 638.182447685227
601.982 613.163962946073
602.499 602.115297536238
603.016 607.232977772848
603.533 616.145427351371
604.05  607.645134363335
604.567 602.849644183567
605.084 612.137661626073
605.601 627.045702572255
606.118 634.080872318873
606.635 599.831926319531
607.152 630.476411304744
607.669 616.915755867725
608.186 634.953777347403
608.703 630.883880634748
609.22  628.071722343178
609.737 605.143327079636
610.254 603.180350848496
610.771 608.927839407367
611.288 618.703507420392
611.805 612.213807481403
612.322 619.770002697256
612.839 589.966749933204
613.356 579.933115213433
613.873 584.587351420749
614.39  609.183452548263
614.907 608.08675045717
615.424 615.231015215446
615.941 607.209292521562
616.458 604.753357460768
616.975 601.914956367856
617.492 581.792979102362
618.009 589.509122347856
618.526 572.062825866349
619.043 576.769931684685
619.56  571.992955271923
620.077 572.747893074659
620.594 565.027856837818
621.111 555.26018805674
621.628 559.072628243886
622.145 567.921346954105
622.662 567.971650587858
623.179 565.308016459818
623.696 553.108672174473
624.213 567.745898072661
624.73  560.199043446613
625.247 573.861630687366
625.764 570.392644756307
626.281 564.675348731104
626.798 565.449370810528
627.315 578.138399665712
627.832 562.561792909009
628.349 560.640923926398
628.866 536.094729572759
629.383 552.215817842566
629.9   559.759818739341
630.417 574.290726615562
630.934 571.90791213367
631.451 552.525962922324
631.968 555.101136693031
632.485 558.508614726528
633.002 529.326678461831
633.519 529.421268629189
634.036 523.581870597977
634.553 573.497727384197
635.07  576.41105851671
635.587 577.562463407548
636.104 566.16600720367
636.621 548.203095922727
637.138 530.391038501542
637.655 545.300374791764
638.172 547.835384788274
638.689 534.059615825967
639.206 550.381404951082
639.723 536.990412869584
640.24  531.616634909823
640.757 536.698344606074
641.274 541.62075443791
641.791 548.988042828508
642.308 536.489641242742
642.825 539.45662165533
643.342 525.303154773127
643.859 487.116461606917
644.376 519.449995078203
644.893 532.606721083046
645.41  532.062954902382
645.927 524.117746556979
646.444 520.269329964784
646.961 513.515011644089
647.478 536.158949898321
647.995 539.737617630409
648.512 520.028789454169
649.029 505.739405036077
649.546 463.50797825525
650.063 510.015918238762
650.58  499.031253824797
651.097 502.407086782048
651.614 508.280038882436
652.131 503.829913279662
652.648 502.991127103064
653.165 520.449772332502
653.682 517.35102954819
654.199 502.972852408764
654.716 503.585414352569
655.233 544.286767554085
655.75  541.443750410283
656.267 523.664565438838
656.784 518.772400754146
657.301 506.930927675497
657.818 497.871056667093
658.335 507.260102086171
658.852 503.086689727376
659.369 500.66740786089
659.886 485.410379702963
660.403 473.652949174058
660.92  468.314844483389
661.437 497.835387246804
661.954 487.91270075679
662.471 501.608746566642
662.988 490.249327769244
663.505 496.5902505988
664.022 493.078205318462
664.539 475.928896303444
665.056 484.306915724851
665.573 494.837860985035
666.09  499.539345930924
666.607 486.852120909762
667.124 488.218311614465
667.641 503.302292988051
668.158 492.922478315686
668.675 490.823685550492
669.192 488.675980220549
669.709 499.149437733623
670.226 502.818578969448
670.743 482.558276772571
671.26  473.045040048214
671.777 487.335806803454
672.294 488.81262906187
672.811 483.682341088317
673.328 482.967736008257
673.845 487.026883387315
674.362 477.930274550448
674.879 472.102439593304
675.396 461.861623520428
675.913 451.635850493969
676.43  472.690010610632
676.947 464.219046270389
677.464 470.075895487367
677.981 468.630003187169
678.498 475.941366705171
679.015 470.451989416893
679.532 458.855761396351
680.049 456.901564125566
680.566 439.183776076983
681.083 435.904617618708
681.6   462.227327735185
682.117 448.817847983747
682.634 467.897253423168
683.151 474.347823887083
683.668 463.682800279513
684.185 474.921004526096
684.702 473.734772360295
685.219 461.399871852898
685.736 458.59231231197
686.253 462.262927612248
686.77  465.832737815748
687.287 455.277308644573
687.804 443.974532282361
688.321 455.418709860782
688.838 459.034324631495
689.355 470.718561611724
689.872 468.70131906906
690.389 450.53584267203
690.906 457.684003849341
691.423 462.741748213937
691.94  467.964466047148
692.457 457.138412469494
692.974 445.615042459571
693.491 451.625238787338
694.008 453.041030443618
694.525 437.300967601555
695.042 440.215333790723
695.559 447.073918639066
696.076 443.816587344696
696.593 443.587609928618
697.11  420.518527118475
697.627 430.258574522895
698.144 444.81070648476
698.661 429.739241963499
699.178 415.465128934251
699.695 425.19005942309
700.212 438.802411142295
700.729 426.220342011707
701.246 445.919199690306
701.763 433.160110693282
702.28  426.916863460284
702.797 438.833469835218
703.314 440.334845903761
703.831 442.468624911513
704.348 427.504565141763
704.865 429.863431220921
705.382 430.814947589111
705.899 428.247017026072
706.416 416.417845281493
706.933 417.469515886454
707.45  422.395553619431
707.967 429.841698336886
708.484 425.356979636328
709.001 443.659506133667
709.518 429.955729026905
710.035 412.813807475417
710.552 418.851957471122
711.069 419.438203637899
711.586 429.008281319766
712.103 419.041157233785
712.62  425.213772908245
713.137 423.742980330399
713.654 411.326799274628
714.171 412.42458063096
714.688 404.431016743931
715.205 403.172548329489
715.722 397.526477361546
716.239 394.370543545075
716.756 404.981253806958
717.273 412.151152498713
717.79  409.269636782426
718.307 418.04177351077
718.824 411.21397511214
719.341 410.518734683002
719.858 425.380557119414
720.375 454.054446262531
720.892 451.433329773978
721.409 440.372290261439
721.926 417.641364290766
722.443 395.072688861616
722.96  393.149974942203
723.477 402.818417386063
723.994 396.254551769731
724.511 414.764998081129
725.028 416.106462364482
725.545 389.972366214454
726.062 369.62569075372
726.579 392.517774820494
727.096 386.401435759349
727.613 404.677860263379
728.13  411.478744044058
728.647 402.800701467673
729.164 402.767266468766
729.681 404.992302151067
730.198 383.321321621847
730.715 370.785963402053
731.232 377.5949985137
731.749 384.813581605525
732.266 376.349630679445
732.783 378.923985380003
733.3   362.271224105913
733.817 365.187921089979
734.334 374.102378677966
734.851 383.355456208587
735.368 375.515562917916
735.885 388.320427785822
736.402 387.864759248747
736.919 380.816137932988
737.436 376.001407878054
737.953 382.016795903289
738.47  380.744773570246
738.987 390.57384667519
739.504 393.108824702736
740.021 372.686677651488
740.538 395.994820378008
741.055 388.900491877016
741.572 385.147801621202
742.089 394.85235644494
742.606 385.243751275872
743.123 387.155737578998
743.64  380.396528857442
744.157 386.919637726019
744.674 377.262658927166
745.191 373.072007819643
745.708 385.418108252481
746.225 385.551562273686
746.742 377.738146371397
747.259 377.842337213174
747.776 378.432176250288
748.293 379.024675189494
748.81  384.78282665967
749.327 385.140894682037
749.844 394.882651467796
750.361 380.096408607804
750.878 370.965689299473
751.395 372.739051644927
751.912 375.672051116346
752.429 370.156112664316
752.946 361.437531678996
753.463 379.775634355014
753.98  365.658441400893
754.497 378.789288218809
755.014 344.699806346377
755.531 354.179300201437
756.048 356.809164793615
756.565 357.467620683251
757.082 363.82823297659
757.599 365.697035361405
758.116 363.937100985211
758.633 354.231114948248
759.15  356.312301507588
759.667 331.410086810653
760.184 337.181710082057
760.701 335.656023736629
761.218 346.576897444196
761.735 349.342508836502
762.252 340.383416961112
762.769 355.33840001213
763.286 346.664233978519
763.803 350.545906906369
764.32  344.312896192052
764.837 348.488663008756
765.354 347.652220218391
765.871 343.332320638763
766.388 360.198028074101
766.905 362.641592260005
767.422 350.666966791701
767.939 351.825288896792
768.456 366.516108734009
768.973 339.853533711155
769.49  341.790658075333
770.007 338.406429691866
770.524 342.452747910641
771.041 341.890660444189
771.558 347.936819879257
772.075 342.223282346362
772.592 347.911058321497
773.109 350.96052075625
773.626 343.684962436937
774.143 329.77643130843
774.66  330.353755052668
775.177 320.721322894078
775.694 325.630672696623
776.211 319.803672759104
776.728 321.588838222807
777.245 344.042745041331
777.762 336.428942421795
778.279 336.618501234102
778.796 348.326161303725
779.313 333.823538103028
779.83  326.549519124191
780.347 325.237503057886
780.864 327.161569271764
781.381 320.797040411263
781.898 327.446571150732
782.415 333.883860327943
782.932 332.144159156316
783.449 334.300147443727
783.966 314.528985443486
784.483 304.229551686083
785 318.817031490663
785.517 316.778914495156
786.034 312.662625573773
786.551 338.8825005914
787.068 327.803925766141
787.585 333.13566385275
788.102 346.982679993401
788.619 334.800987907357
789.136 324.252051538638
789.653 337.776942015136
790.17  331.08604810202
790.687 333.098170872048
791.204 334.239484421785
791.721 329.753596270544
792.238 315.818966374085
792.755 301.514061770555
793.272 300.057369343682
793.789 311.240958640415
794.306 322.045751079124
794.823 332.732816247011
795.34  334.32737965733
795.857 333.338958147845
796.374 314.049752862119
796.891 318.671104938408
797.408 297.061179767559
797.925 319.467693784049
798.442 305.704328934521
798.959 315.558872671906
799.476 315.302129720026
799.993 316.075519227329
800.51  333.00511099621
801.027 319.80074284314
801.544 312.436972028415
802.061 307.279157993786
802.578 311.258777236572
803.095 320.800213385236
803.612 330.060868836411
804.129 312.132436126438
804.646 307.389462444531
805.163 306.323054512016
805.68  322.995955793458
806.197 317.734862065467
806.714 310.546624872341
807.231 322.311198936255
807.748 313.68217133812
808.265 317.705739071533
808.782 316.645400224997
809.299 317.775237533974
809.816 314.585787197911
810.333 306.72111717272
810.85  301.408779559871
811.367 315.334814213243
811.884 326.552132527468
812.401 315.274414737403
812.918 319.08791678989
813.435 318.715236670558
813.952 327.073599452817
814.469 325.704864920897
814.986 336.367059088861
815.503 333.931012616542
816.02  329.234796676997
816.537 327.532498010341
817.054 310.657397634138
817.571 323.805052656807
818.088 333.349176188386
818.605 319.586666665074
819.122 313.362732751259
819.639 313.296685264549
820.156 317.586090108545
820.673 307.746265276177
821.19  300.139618080081
821.707 303.864320695714
822.224 318.966196571751
822.741 317.007052657159
823.258 307.271276754237
823.775 313.102488307495
824.292 319.745349443372
824.809 324.748795421777
825.326 299.349478151611
825.843 304.255047618335
826.36  307.545238117624
826.877 308.518109618118
827.394 301.071774373235
827.911 298.640140954017
828.428 308.597378043055
828.945 306.703284461563
829.462 293.814300721659
829.979 301.034649132651
830.496 279.83819491207
831.013 290.959641562276
831.53  299.80941655196
832.047 307.791633687357
832.564 305.778563279637
833.081 312.870406399432
833.598 299.894542902331
834.115 303.344702217693
834.632 310.258247096495
835.149 303.741194604449
835.666 299.546231216768
836.183 311.568899225884
836.7   301.423875279397
837.217 298.211220437231
837.734 294.689699313515
838.251 286.415585090348
838.768 298.456487840984
839.285 300.307500266878
839.802 281.129813367437
840.319 295.853923377258
840.836 304.772205838987
841.353 303.158627419125
841.87  306.190464710102
842.387 304.537631872416
842.904 305.252851665056
843.421 293.55511075741
843.938 315.681012519393
844.455 304.084683598065
844.972 299.111502518865
845.489 306.970709381473
846.006 285.718088501477
846.523 298.456055738795
847.04  315.349551603301
847.557 299.05210399094
848.074 284.467113841737
848.591 301.493754469122
849.108 298.247938594376
849.625 299.909653668549
850.142 294.885446882506
850.659 294.506767332654
851.176 289.996665075719
851.693 304.917720346954
852.21  288.661509400736
852.727 289.585634751773
853.244 307.166245878144
853.761 296.5472027379
854.278 281.766586936266
854.795 304.872306988046
855.312 299.729418006815
855.829 282.95032522652
856.346 292.38040395129
856.863 276.105949282581
857.38  257.220414073989
857.897 270.080707457004
858.414 270.021061591561
858.931 272.019199321343
859.448 275.733368340172
859.965 266.03302644668
860.482 260.572727581546
860.999 280.142826215658
861.516 276.194543950797
862.033 276.519956255759
862.55  294.936169094211
863.067 286.720027733223
863.584 256.275965569936
864.101 275.275266264611
864.618 261.056704709891
865.135 244.322628825462
865.652 258.938422448366