174.94  3338.66911626813
175.457 3315.09049422185
175.974 3277.01898224688
176.491 3228.4624707106
177.008 3206.95540312482
177.525 3207.68541802307
178.042 3172.95125240011
178.559 3198.44695041148
179.076 3217.00803703685
179.593 3209.91475802661
180.11  3188.28791155573
180.627 3184.3390007974
181.144 3175.11285696934
181.661 3137.68504327454
182.178 3100.08738676896
182.695 3062.20695311351
183.212 3013.65405812083
183.729 2993.3628555894
184.246 2972.60692096206
184.763 2941.70705086008
185.28  2901.76118653517
185.797 2888.34057547312
186.314 2857.65271281802
186.831 2841.41297589391
187.348 2836.58000707194
187.865 2807.72645322986
188.382 2783.38287146384
188.899 2785.96326152797
189.416 2785.25920550045
189.933 2758.9458036401
190.45  2759.91307759602
190.967 2745.69564442425
191.484 2699.8380801564
192.001 2678.51527469086
192.518 2670.49711341934
193.035 2645.02994081878
193.552 2617.97370826148
194.069 2609.6747737739
194.586 2594.22034013617
195.103 2557.90441399059
195.62  2558.70774333366
196.137 2563.51254634456
196.654 2563.28256779351
197.171 2544.36802846525
197.688 2527.97157414657
198.205 2521.77812145154
198.722 2523.58609321112
199.239 2488.49691630035
199.756 2467.03875019099
200.273 2434.79022171284
200.79  2436.68546004858
201.307 2423.54887055536
201.824 2437.55627733533
202.341 2443.84910641378
202.858 2420.24080734354
203.375 2418.34184727461
203.892 2432.90435024763
204.409 2415.52057643538
204.926 2431.10966316377
205.443 2438.55164358477
205.96  2457.08592218731
206.477 2469.50109458393
206.994 2473.26665267154
207.511 2463.46646036659
208.028 2452.09921631793
208.545 2451.04482440063
209.062 2412.51157500749
209.579 2378.44629925131
210.096 2362.19782783662
210.613 2378.90486209832
211.13  2357.1043560425
211.647 2339.74647035104
212.164 2325.10300319662
212.681 2310.89507554098
213.198 2286.53745568765
213.715 2283.84497818581
214.232 2259.80965520937
214.749 2250.61403648223
215.266 2220.20782276155
215.783 2211.33494353974
216.3   2208.59410851644
216.817 2197.82478154604
217.334 2184.27224234356
217.851 2158.34293976241
218.368 2155.58763209404
218.885 2145.50817705605
219.402 2138.7986839742
219.919 2118.06693429766
220.436 2105.88805405118
220.953 2081.95008474852
221.47  2068.680767651
221.987 2079.30034939804
222.504 2078.32040283929
223.021 2077.5906932859
223.538 2059.96343582601
224.055 2060.36648056977
224.572 2068.7601667466
225.089 2057.98810290534
225.606 2044.95535910061
226.123 2007.43126955844
226.64  2011.85302832821
227.157 2010.1217490975
227.674 1998.36070194198
228.191 1984.18566579456
228.708 1974.96410905799
229.225 1969.8041295188
229.742 1971.80367825675
230.259 1947.02682707789
230.776 1939.13234508723
231.293 1922.4276475997
231.81  1909.47952460421
232.327 1904.79032404834
232.844 1881.22609014927
233.361 1895.02718236927
233.878 1872.14581155861
234.395 1876.22639567311
234.912 1854.04839187375
235.429 1858.86266769128
235.946 1855.51882374636
236.463 1847.57965703064
236.98  1835.8276835639
237.497 1823.22990831248
238.014 1802.97452447612
238.531 1790.10666817689
239.048 1794.14987656393
239.565 1801.20742627436
240.082 1778.69236266607
240.599 1779.98076324802
241.116 1758.10785505466
241.633 1748.41633593626
242.15  1735.56770546167
242.667 1729.84576103216
243.184 1732.60965479567
243.701 1700.46182949187
244.218 1686.31620857737
244.735 1693.19907708041
245.252 1688.70654958703
245.769 1669.64119608618
246.286 1650.60371601501
246.803 1632.26883051567
247.32  1624.99968270034
247.837 1618.96161528673
248.354 1621.77275775557
248.871 1600.13098657387
249.388 1592.82945634408
249.905 1593.36176821295
250.422 1595.70854213425
250.939 1597.99382384532
251.456 1582.65449635676
251.973 1577.28615524937
252.49  1582.36463250971
253.007 1588.99449179661
253.524 1607.58956790491
254.041 1598.84252948567
254.558 1583.28663811974
255.075 1578.10281707614
255.592 1551.2510364477
256.109 1555.23846814986
256.626 1559.36781530374
257.143 1544.37244048433
257.66  1542.88087436822
258.177 1533.28607724294
258.694 1522.0755290242
259.211 1522.76462972329
259.728 1527.93837403688
260.245 1541.06937987612
260.762 1532.02308949039
261.279 1518.35555702082
261.796 1504.83462144816
262.313 1473.9687024036
262.83  1457.37028326769
263.347 1460.46663931249
263.864 1463.922474363
264.381 1450.13920930899
264.898 1454.99634658087
265.415 1447.75364603909
265.932 1420.83874978355
266.449 1437.45727137532
266.966 1438.24299403336
267.483 1440.20998213778
268 1441.05405110748
268.517 1440.91267465721
269.034 1440.32649368963
269.551 1435.50329299685
270.068 1438.52938331749
270.585 1429.66527068992
271.102 1418.80911513374
271.619 1421.11762194971
272.136 1396.89592473044
272.653 1395.09852663489
273.17  1388.58524255534
273.687 1386.58666195163
274.204 1385.21738275719
274.721 1382.04745735943
275.238 1370.12817914235
275.755 1368.48849047543
276.272 1364.6619490049
276.789 1370.90970916783
277.306 1373.20600160225
277.823 1355.21998036396
278.34  1346.39302975031
278.857 1361.81172906805
279.374 1383.18902829331
279.891 1412.09106185911
280.408 1437.28130568392
280.925 1478.98436208928
281.442 1518.59611547392
281.959 1585.7142408505
282.476 1643.61190754062
282.993 1731.68627424976
283.51  1842.11971636574
284.027 1929.58603095974
284.544 2016.79838750599
285.061 2072.27215930505
285.578 2126.36434986449
286.095 2180.83115424072
286.612 2251.79666397553
287.129 2324.24772576309
287.646 2358.11470851844
288.163 2397.57728617932
288.68  2429.37383226625
289.197 2428.75528264441
289.714 2447.8488189754
290.231 2433.62310380967
290.748 2408.08218342577
291.265 2384.81890020743
291.782 2367.80957809599
292.299 2349.474493729
292.816 2337.92307790837
293.333 2330.84754161543
293.85  2308.01408198101
294.367 2288.94794006379
294.884 2267.13695048902
295.401 2270.15869315353
295.918 2269.13718802025
296.435 2235.90305263915
296.952 2165.90319377314
297.469 2100.8635084854
297.986 2055.4662730793
298.503 2044.77538744784
299.02  2025.71810529975
299.537 2016.81007675787
300.054 2022.40746257064
300.571 2037.64481015329
301.088 2022.60241779528
301.605 2013.75361451178
302.122 2002.98077705101
302.639 2014.25652985359
303.156 2016.85918914461
303.673 2038.96868349102
304.19  2043.41711017129
304.707 2056.86501827714
305.224 2055.27713814664
305.741 2046.37714505732
306.258 2040.53784861422
306.775 2055.04554543518
307.292 2058.18585491489
307.809 2060.21724428917
308.326 2055.77536383671
308.843 2053.79741805723
309.36  2047.55271064692
309.877 2039.32837302354
310.394 2033.98606952185
310.911 2004.84882822354
311.428 1969.25388135222
311.945 1953.46057855209
312.462 1941.9781189919
312.979 1944.95419179139
313.496 1928.33739098525
314.013 1927.90434713937
314.53  1936.13995611444
315.047 1936.82450065141
315.564 1942.36655636919
316.081 1975.64600476074
316.598 1976.3331929255
317.115 1981.75760498331
317.632 1986.99276515787
318.149 1959.62155963019
318.666 1955.07409698087
319.183 1944.24659668513
319.7   1925.82911053421
320.217 1932.9844599485
320.734 1923.55159916533
321.251 1911.24177761857
321.768 1911.43429143312
322.285 1934.13491270876
322.802 1925.77958993893
323.319 1911.5353737129
323.836 1912.30870599291
324.353 1892.6201107163
324.87  1892.52676499859
325.387 1911.89469191917
325.904 1890.484464888
326.421 1872.73805232635
326.938 1864.70350151257
327.455 1850.62551879525
327.972 1839.06403616069
328.489 1829.33271847481
329.006 1841.94470476762
329.523 1834.42574650457
330.04  1832.0092005803
330.557 1838.26048440898
331.074 1826.81233880232
331.591 1815.69645116833
332.108 1820.10049407828
332.625 1824.14407752242
333.142 1818.59703256239
333.659 1801.95712486044
334.176 1785.87885483545
334.693 1792.02167858554
335.21  1778.56089350062
335.727 1770.9671223827
336.244 1750.42434880806
336.761 1746.22911498925
337.278 1724.91032420159
337.795 1716.54455834673
338.312 1725.69156592517
338.829 1728.79690363782
339.346 1713.30576312332
339.863 1718.48475504113
340.38  1710.5243036097
340.897 1718.33328589732
341.414 1707.87920838571
341.931 1678.19221066812
342.448 1673.83331236306
342.965 1652.10383748718
343.482 1634.98125287514
343.999 1619.51089407808
344.516 1612.42768251572
345.033 1624.23628286775
345.55  1641.75377497301
346.067 1623.1885859889
346.584 1628.62880109197
347.101 1637.93225144947
347.618 1618.95704772562
348.135 1603.82075688634
348.652 1612.13295667743
349.169 1612.46685586609
349.686 1603.97977179935
350.203 1587.01623889424
350.72  1582.20758421977
351.237 1572.82531695019
351.754 1588.6978582129
352.271 1581.38090365565
352.788 1572.69853579156
353.305 1551.17037273951
353.822 1532.918433117
354.339 1527.95259855293
354.856 1523.39864349341
355.373 1534.75356226588
355.89  1535.95092049921
356.407 1528.25816656182
356.924 1517.36100321811
357.441 1527.05858877899
357.958 1525.67120593491
358.475 1528.17999667361
358.992 1512.92045175198
359.509 1520.26642901203
360.026 1513.64410189893
360.543 1510.97562543026
361.06  1513.60615621735
361.577 1496.89284277626
362.094 1486.36750058457
362.611 1471.95041114695
363.128 1487.41420921046
363.645 1471.35235516518
364.162 1472.24446022766
364.679 1440.6519275847
365.196 1435.67762166356
365.713 1458.77443581928
366.23  1450.71463077963
366.747 1434.9006104469
367.264 1422.45766317712
367.781 1421.06046371027
368.298 1413.17558549876
368.815 1427.8213315473
369.332 1417.52782012904
369.849 1415.87868941539
370.366 1410.63417011324
370.883 1398.74223004503
371.4   1394.46311163279
371.917 1401.54307861824
372.434 1399.93416177791
372.951 1391.1713368957
373.468 1402.53028014778
373.985 1392.50824595167
374.502 1367.42782586944
375.019 1372.05428253829
375.536 1364.53638449911
376.053 1361.48369776242
376.57  1372.70735297273
377.087 1367.21099277349
377.604 1353.48623194745
378.121 1363.36280616693
378.638 1358.40967440685
379.155 1358.35478558889
379.672 1334.57392536681
380.189 1344.55612993287
380.706 1349.86938541212
381.223 1345.49867220795
381.74  1322.85883078315
382.257 1304.45664595557
382.774 1304.91255065775
383.291 1308.48291469291
383.808 1300.58860544528
384.325 1295.81423064676
384.842 1282.7112768887
385.359 1299.69737822715
385.876 1303.1407250518
386.393 1319.10358364836
386.91  1307.14896199769
387.427 1295.63141561728
387.944 1286.69673693652
388.461 1283.10234124219
388.978 1278.18326677149
389.495 1284.8994263563
390.012 1264.12918569747
390.529 1255.33221794914
391.046 1249.98447703938
391.563 1253.04605766762
392.08  1258.45705953012
392.597 1258.2798382558
393.114 1251.84732137969
393.631 1226.66267545533
394.148 1235.54469186763
394.665 1246.90117442297
395.182 1238.86118068885
395.699 1240.57563589799
396.216 1235.99769361759
396.733 1235.75020613599
397.25  1238.16426737292
397.767 1259.96947408664
398.284 1269.43586120948
398.801 1267.99852046039
399.318 1259.34803757831
399.835 1251.62760020622
400.352 1247.65675074585
400.869 1239.67721046296
401.386 1235.07300779809
401.903 1217.18465005828
402.42  1228.30740034136
402.937 1218.06945656023
403.454 1205.78260117921
403.971 1187.08835278139
404.488 1177.78035538971
405.005 1174.95885168878
405.522 1196.94725448568
406.039 1210.97306339882
406.556 1215.7238942951
407.073 1213.64852048767
407.59  1205.25318184672
408.107 1179.88088686477
408.624 1170.94619659042
409.141 1184.32039538858
409.658 1185.89030059348
410.175 1181.88399447411
410.692 1180.04074029926
411.209 1178.57887520614
411.726 1170.95199823297
412.243 1182.91978284778
412.76  1171.11494293456
413.277 1183.11527767921
413.794 1169.53781390059
414.311 1179.16653004157
414.828 1156.14364604209
415.345 1155.91287295546
415.862 1132.21000283072
416.379 1133.18244959831
416.896 1141.83356990895
417.413 1147.92364842314
417.93  1139.99140186146
418.447 1131.51088083934
418.964 1110.98892155961
419.481 1102.81294763814
419.998 1106.65569434328
420.515 1104.39503263259
421.032 1107.62604927916
421.549 1119.40306286338
422.066 1106.83258945189
422.583 1104.40989278461
423.1   1084.17506186218
423.617 1068.9603052703
424.134 1059.97696899685
424.651 1063.5564863975
425.168 1053.28020813933
425.685 1058.09933094768
426.202 1050.3694947947
426.719 1038.69114182633
427.236 1043.90406789794
427.753 1044.42464632922
428.27  1037.67569492933
428.787 1044.76826930321
429.304 1044.07710484622
429.821 1040.83468245896
430.338 1029.51154221585
430.855 1024.16386954587
431.372 1033.95173994136
431.889 1017.20609678016
432.406 1023.47807481711
432.923 1006.52348499186
433.44  1016.92705170931
433.957 1015.98860914097
434.474 1008.2248476502
434.991 997.814697932947
435.508 1008.84807727218
436.025 1005.33672074342
436.542 1005.42142004312
437.059 1006.77451222707
437.576 1005.41931495467
438.093 1000.05814724535
438.61  999.827591137722
439.127 987.815366021935
439.644 986.166139319596
440.161 1008.54549049289
440.678 992.152162565221
441.195 985.428183611784
441.712 979.279438450611
442.229 984.084997813482
442.746 990.916903164975
443.263 979.833818893626
443.78  968.18430603227
444.297 980.531003986005
444.814 971.428465630122
445.331 978.426904154236
445.848 972.131076051609
446.365 988.333836863766
446.882 971.557710138022
447.399 963.644090923218
447.916 948.0974683618
448.433 944.361526251389
448.95  934.578909587742
449.467 948.74297078838
449.984 944.361738784285
450.501 943.733733378851
451.018 944.113499626062
451.535 945.33165086943
452.052 955.805317939237
452.569 936.546155269119
453.086 934.329302630691
453.603 927.523280080688
454.12  925.204814448316
454.637 930.166060484141
455.154 911.950265256245
455.671 922.178632628139
456.188 919.979907359899
456.705 900.476167917956
457.222 899.700814945472
457.739 896.670485011024
458.256 900.473678674139
458.773 908.93184107217
459.29  907.543009360492
459.807 910.466511323176
460.324 904.897855633174
460.841 897.656911728947
461.358 896.188465571295
461.875 890.184731707876
462.392 885.996864338136
462.909 891.633174006208
463.426 880.947603290561
463.943 885.01611864491
464.46  890.954441599821
464.977 882.275453938242
465.494 878.450379000706
466.011 868.474815993124
466.528 870.96464940329
467.045 864.275757752301
467.562 859.17671127299
468.079 856.005291160182
468.596 857.238253458384
469.113 856.408332977541
469.63  839.756828578586
470.147 839.432833015146
470.664 842.83200409235
471.181 852.286135237858
471.698 845.541408468283
472.215 828.240979734842
472.732 823.18047962229
473.249 836.452523729504
473.766 849.005767583486
474.283 850.998057988448
474.8   846.238939509567
475.317 839.165578746848
475.834 831.834732373827
476.351 823.610788021577
476.868 812.632823680773
477.385 804.208601096289
477.902 799.190009435334
478.419 807.100280953252
478.936 811.968198436279
479.453 807.781281849727
479.97  805.407657840104
480.487 806.210996061228
481.004 808.298483820174
481.521 807.858516283128
482.038 809.419418173272
482.555 803.711326024846
483.072 796.586447623517
483.589 806.461174119954
484.106 799.16147591594
484.623 803.261409343049
485.14  794.35859188152
485.657 792.49140777629
486.174 786.221849292092
486.691 786.417210685275
487.208 793.559159475283
487.725 799.09628321927
488.242 787.916022972443
488.759 789.025076732781
489.276 783.793402186951
489.793 783.461805197057
490.31  789.177959938871
490.827 786.924344663149
491.344 791.972902286497
491.861 770.24958443742
492.378 766.390123859066
492.895 766.751815762261
493.412 770.082788875784
493.929 766.120138797619
494.446 760.558140663955
494.963 745.2147116292
495.48  748.712745675586
495.997 751.403702261954
496.514 740.759006259717
497.031 751.076632446944
497.548 743.368083779667
498.065 735.943926780942
498.582 734.314601790237
499.099 737.752172146998
499.616 736.974970896592
500.133 742.80259051685
500.65  735.473469661044
501.167 731.294506160241
501.684 731.38415748939
502.201 729.860647492566
502.718 720.804276664157
503.235 710.838342362256
503.752 706.63681690096
504.269 707.811173345062
504.786 710.695863603654
505.303 713.932147461752
505.82  708.408091805933
506.337 707.797583880264
506.854 710.481146017111
507.371 714.374185807272
507.888 710.934767197174
508.405 712.29270955336
508.922 706.141588001565
509.439 710.312537064328
509.956 723.383650086031
510.473 708.44198478327
510.99  705.346834766616
511.507 680.25473489268
512.024 689.167773332332
512.541 687.297128194593
513.058 688.350385844465
513.575 679.081045125944
514.092 666.863250326176
514.609 679.372237527343
515.126 679.660450506055
515.643 675.35787926722
516.16  677.898909638109
516.677 675.00360558147
517.194 669.868160616868
517.711 679.557920149799
518.228 684.532791448296
518.745 690.945753554802
519.262 686.164044585836
519.779 667.800629020312
520.296 664.618057817606
520.813 678.297210340517
521.33  677.016259213519
521.847 679.181562235652
522.364 662.827280628866
522.881 660.902800309365
523.398 661.67170570366
523.915 658.946100528254
524.432 655.918353208146
524.949 654.318888871862
525.466 651.657775123904
525.983 643.851823720279
526.5   640.927240061777
527.017 636.38889368811
527.534 642.42826198547
528.051 644.935931822232
528.568 642.065484451714
529.085 634.30592491033
529.602 638.545091935422
530.119 646.727346046245
530.636 658.037112697162
531.153 654.66264963807
531.67  656.618942924041
532.187 667.52556662062
532.704 679.3281474391
533.221 695.758747908316
533.738 697.551859838449
534.255 711.104494592562
534.772 702.690386491112
535.289 695.101264415866
535.806 695.325598832316
536.323 706.252915816891
536.84  706.017507433077
537.357 709.240572650576
537.874 729.492619777131
538.391 733.113226578672
538.908 732.360218307452
539.425 730.180313053652
539.942 727.647316213532
540.459 719.583521859329
540.976 708.494439386634
541.493 705.005292298325
542.01  698.285382503358
542.527 697.018184670258
543.044 685.275988982206
543.561 681.310859910053
544.078 684.095018376435
544.595 689.914752599375
545.112 686.236650717164
545.629 699.711047882534
546.146 696.028725421044
546.663 685.171901418016
547.18  687.715023743692
547.697 676.238919933025
548.214 662.977981307293
548.731 662.180466056713
549.248 668.424812621543
549.765 670.894447772948
550.282 659.01334447323
550.799 649.921829485772
551.316 645.786730606368
551.833 658.744538164802
552.35  666.029721728431
552.867 669.905988133617
553.384 658.948776553555
553.901 645.001817728339
554.418 648.185899160775
554.935 658.149104451073
555.452 657.364279847384
555.969 668.474938127573
556.486 660.029510487525
557.003 657.19050792759
557.52  656.972339773131
558.037 664.415749992927
558.554 663.925705435591
559.071 663.907538300441
559.588 664.473673805438
560.105 664.974905052582
560.622 654.598761815475
561.139 650.865444272669
561.656 645.398476822552
562.173 650.570709557194
562.69  651.265485572664
563.207 651.102163892504
563.724 647.534530859674
564.241 643.270227618931
564.758 637.202955417647
565.275 633.934516318432
565.792 633.506902043429
566.309 632.879155438295
566.826 636.82897208431
567.343 631.491219961603
567.86  625.444585888297
568.377 626.821803617688
568.894 638.583597173513
569.411 639.33960300907
569.928 644.324128350619
570.445 645.405828315394
570.962 633.898679039477
571.479 631.081632925152
571.996 623.194774785561
572.513 624.197745308618
573.03  624.496931463102
573.547 622.1899421614
574.064 617.838327332506
574.581 607.172333945305
575.098 604.40698720945
575.615 608.083477691079
576.132 597.554117154919
576.649 600.58735968425
577.166 597.696849002349
577.683 601.218976949016
578.2   600.577357096167
578.717 594.318167453568
579.234 597.51620324536
579.751 590.902040512599
580.268 588.151909425677
580.785 596.487073889583
581.302 595.067365509694
581.819 588.519467815592
582.336 584.027018582039
582.853 586.827703209799
583.37  579.123561622617
583.887 587.972687752476
584.404 588.435879110979
584.921 584.310446359981
585.438 583.251546409246
585.955 582.766868641248
586.472 574.070870107921
586.989 578.939569789771
587.506 574.426640006053
588.023 579.600430380107
588.54  577.629968962772
589.057 572.340257432864
589.574 573.255710110798
590.091 570.173311360208
590.608 581.043752823732
591.125 574.98205242525
591.642 574.691892063259
592.159 566.683385645076
592.676 562.352746135738
593.193 560.876517724255
593.71  558.462651243712
594.227 558.643790252485
594.744 561.66025385736
595.261 566.553297037198
595.778 557.40488482888
596.295 559.801504591311
596.812 552.14577177892
597.329 548.410181507915
597.846 558.542099693737
598.363 566.648702749632
598.88  562.232017404772
599.397 559.924844708027
599.914 555.870223373369
600.431 548.447478771121
600.948 554.107153445667
601.465 550.159197138445
601.982 542.926382948633
602.499 537.486850478861
603.016 535.683273792638
603.533 534.735488949484
604.05  526.079844229588
604.567 525.883961679119
605.084 531.795091506132
605.601 539.119143136445
606.118 544.98431484663
606.635 534.619490163582
607.152 546.466791875477
607.669 539.216160237069
608.186 547.575139821719
608.703 547.814090704309
609.22  538.906318153807
609.737 528.861707026644
610.254 520.12709381181
610.771 528.392215741201
611.288 526.329489381346
611.805 523.249009279111
612.322 530.191721960653
612.839 517.396230523696
613.356 509.205215838999
613.873 505.938568770103
614.39  524.054144008027
614.907 525.893252912024
615.424 524.897860691276
615.941 517.807879281421
616.458 518.015155066399
616.975 520.223201465911
617.492 511.795326466163
618.009 515.488111538439
618.526 513.564460039878
619.043 513.581492332155
619.56  509.339924463466
620.077 506.99427771235
620.594 505.877261998304
621.111 502.058856024466
621.628 501.98293552663
622.145 499.80491958829
622.662 504.591472587837
623.179 502.190462086691
623.696 493.34206829736
624.213 501.419713261496
624.73  500.328902934429
625.247 500.717650323065
625.764 496.362216669548
626.281 492.918911056611
626.798 494.455632526463
627.315 503.215604075199
627.832 496.545978602147
628.349 496.097178977684
628.866 485.693053705956
629.383 489.747116296444
629.9   485.691013068224
630.417 487.329626174381
630.934 486.414585101544
631.451 481.208411663831
631.968 480.639817915925
632.485 486.060966396291
633.002 475.05420973658
633.519 473.901677617645
634.036 473.510091715182
634.553 489.896215923445
635.07  485.950989546857
635.587 485.787382585364
636.104 479.739135336068
636.621 475.746723536681
637.138 466.311184996494
637.655 469.866605223974
638.172 466.460429184281
638.689 461.485895142425
639.206 469.52696696649
639.723 466.832059928056
640.24  467.781732251442
640.757 469.811201978235
641.274 465.366235926686
641.791 467.759568418285
642.308 463.491364125958
642.825 461.638804908478
643.342 458.957604490387
643.859 445.063433757772
644.376 452.914094614751
644.893 459.616719900002
645.41  459.755202063469
645.927 455.640839668525
646.444 457.537025461606
646.961 454.030962788532
647.478 460.513076131688
647.995 463.11716717236
648.512 450.032762995106
649.029 451.791363789396
649.546 432.322218525739
650.063 442.956725834277
650.58  438.840006902425
651.097 440.91176318153
651.614 443.704236126625
652.131 437.570004613627
652.648 438.48421479189
653.165 447.787363963068
653.682 444.909628418741
654.199 445.169757506826
654.716 442.347531376353
655.233 455.305673069506
655.75  453.909260350785
656.267 449.060091877108
656.784 442.115773718613
657.301 438.24372655701
657.818 433.876732390404
658.335 439.212728626637
658.852 434.956845835281
659.369 439.136923445571
659.886 432.138935389832
660.403 428.258612352892
660.92  419.925362153868
661.437 436.139902315318
661.954 429.895423004693
662.471 430.369343386415
662.988 422.843148092225
663.505 431.004140298312
664.022 428.266957724575
664.539 422.189878850681
665.056 426.299052717452
665.573 426.570815150169
666.09  427.887412843032
666.607 426.08579596142
667.124 427.813234195178
667.641 430.362704489012
668.158 418.857370858309
668.675 419.87032643342
669.192 423.430828150748
669.709 420.811810650367
670.226 418.218994380662
670.743 414.613482696851
671.26  417.072059933801
671.777 420.871059208286
672.294 419.998182594019
672.811 419.332345536755
673.328 416.089581739678
673.845 419.142332220903
674.362 419.187440643694
674.879 409.286330033004
675.396 403.522065930395
675.913 405.382706419646
676.43  410.478455978352
676.947 404.962840532877
677.464 407.322699842967
677.981 409.464559894026
678.498 403.183839122196
679.015 404.399892064973
679.532 400.090125839117
680.049 401.821257139607
680.566 396.067493751048
681.083 395.480484707674
681.6   403.091017957145
682.117 395.030826528952
682.634 399.010762542533
683.151 403.240643287818
683.668 400.894944325796
684.185 407.108349244196
684.702 408.620149863292
685.219 400.124182835616
685.736 396.544578641641
686.253 397.728636708783
686.77  397.908647265703
687.287 393.182050134766
687.804 391.67132047061
688.321 397.135539304747
688.838 393.223232680452
689.355 400.710895555041
689.872 396.0050953358
690.389 389.669264551006
690.906 391.701801062389
691.423 395.63223014539
691.94  392.763121624433
692.457 396.329904027612
692.974 393.585125958566
693.491 390.118054578155
694.008 390.198402188189
694.525 385.729988997004
695.042 383.129430681689
695.559 386.658708883125
696.076 380.583286904617
696.593 379.193405697797
697.11  369.214349573541
697.627 375.088552516723
698.144 381.780561372886
698.661 375.8852014374
699.178 371.724597325969
699.695 375.759800860204
700.212 379.334553098755
700.729 373.334515933526
701.246 380.027209011337
701.763 376.167853282951
702.28  375.917238941264
702.797 378.000895198923
703.314 381.896277406614
703.831 379.529883095612
704.348 366.750083939747
704.865 368.626483914061
705.382 367.719618382989
705.899 366.136621816369
706.416 365.413410936136
706.933 366.244198175334
707.45  363.164163966023
707.967 369.697695710171
708.484 366.52055045125
709.001 369.451458336259
709.518 364.247026241555
710.035 358.469915832963
710.552 361.311797315086
711.069 366.873394690111
711.586 372.783089253988
712.103 366.914343921732
712.62  369.156272274158
713.137 369.492698606625
713.654 366.398528847119
714.171 365.11695017036
714.688 356.519234717772
715.205 356.75854533968
715.722 356.009031183399
716.239 357.369612860816
716.756 363.289400705078
717.273 366.344251663827
717.79  358.843173666677
718.307 360.135244807521
718.824 360.453882021111
719.341 361.311656907085
719.858 366.73529643582
720.375 379.323622293961
720.892 375.975598402201
721.409 369.451046633918
721.926 360.444792545499
722.443 354.221791324681
722.96  352.81710306504
723.477 353.311593438762
723.994 346.713713509963
724.511 351.32786147557
725.028 356.196673993792
725.545 345.228083559634
726.062 339.382949285667
726.579 348.475549330177
727.096 347.215877594278
727.613 356.317918351227
728.13  359.709530186362
728.647 357.338329424989
729.164 355.644715219166
729.681 353.353843213386
730.198 345.76984642888
730.715 335.393312983034
731.232 337.591344152134
731.749 337.089441487653
732.266 333.544167420195
732.783 339.551259751437
733.3   337.892204826218
733.817 339.608915293476
734.334 334.026320882766
734.851 342.332065825017
735.368 334.957791353916
735.885 345.783537931446
736.402 345.292808204994
736.919 341.223279892844
737.436 338.761529559892
737.953 340.192043352506
738.47  339.540044022275
738.987 342.168992047881
739.504 338.245781402374
740.021 327.866254152818
740.538 338.323455298436
741.055 337.117078103191
741.572 335.005387078499
742.089 337.280327879096
742.606 336.277169298107
743.123 338.812950292322
743.64  335.63730373325
744.157 335.436804932135
744.674 327.834388391103
745.191 328.05347011335
745.708 333.191098020764
746.225 334.060465618796
746.742 332.474316036354
747.259 332.385004492483
747.776 329.502884702508
748.293 331.195040629633
748.81  331.700048536137
749.327 335.043053565885
749.844 336.197553094573
750.361 330.143195935646
750.878 332.572671944773
751.395 331.067955172018
751.912 331.61259059555
752.429 326.515703335825
752.946 319.57244914585
753.463 328.851738310226
753.98  321.802575714834
754.497 324.650118619757
755.014 312.69363305652
755.531 315.467837994391
756.048 314.456908377745
756.565 317.103218986544
757.082 314.174847798196
757.599 318.970734914461
758.116 321.556156822942
758.633 317.067067952582
759.15  312.309480042497
759.667 307.478947560779
760.184 309.779255641628
760.701 310.244009975728
761.218 313.125459345279
761.735 310.60468994003
762.252 311.538306364767
762.769 313.627437812599
763.286 310.082770089376
763.803 313.036146631458
764.32  309.275645669389
764.837 308.648335432255
765.354 310.223615102182
765.871 310.842826398705
766.388 312.624422005828
766.905 317.160959957804
767.422 309.133400543097
767.939 310.51302771537
768.456 318.912258690538
768.973 307.622240494258
769.49  303.277973388459
770.007 303.993204447404
770.524 303.852897254664
771.041 305.034330102997
771.558 302.590529342351
772.075 300.952674692863
772.592 300.649968585955
773.109 301.772970523148
773.626 299.921183782432
774.143 290.453459431208
774.66  293.998831684586
775.177 292.969798101498
775.694 293.775539583118
776.211 293.229839888576
776.728 292.940985022048
777.245 301.874732548784
777.762 300.697622814359
778.279 299.937533012153
778.796 302.291189444353
779.313 294.817402352064
779.83  292.910623206988
780.347 291.205679706232
780.864 295.046174705652
781.381 294.277815432257
781.898 295.133552577029
782.415 294.499978242244
782.932 298.609787307362
783.449 294.097308749123
783.966 286.555548692736
784.483 287.115527631308
785 289.335057081201
785.517 288.080070402339
786.034 289.597869811599
786.551 298.471881094421
787.068 291.627631805023
787.585 293.828498675273
788.102 297.291112225968
788.619 292.508854574967
789.136 292.241709730148
789.653 295.592169648692
790.17  294.590307166183
790.687 295.348415382818
791.204 294.026133984788
791.721 290.921634280941
792.238 287.778726664761
792.755 282.595330325811
793.272 281.29972157562
793.789 285.679975832331
794.306 285.087436104816
794.823 288.533694380338
795.34  291.264765774314
795.857 291.913917291218
796.374 284.718027849909
796.891 286.521003658349
797.408 275.526288514753
797.925 283.568201154002
798.442 281.384313450934
798.959 283.875577409981
799.476 287.276406412045
799.993 285.17308791158
800.51  290.076505446608
801.027 285.029914908429
801.544 283.319479747561
802.061 279.685816809241
802.578 280.503629488227
803.095 284.969537617441
803.612 286.772173613329
804.129 281.449867532494
804.646 283.998026476488
805.163 282.710457759617
805.68  288.949486935637
806.197 286.159206807858
806.714 280.494150285155
807.231 285.136255515652
807.748 280.273888924971
808.265 280.454528140863
808.782 284.518401255559
809.299 284.18533460429
809.816 281.397529737363
810.333 278.018190027882
810.85  273.461177559604
811.367 276.27890033379
811.884 284.282519575947
812.401 283.308260132347
812.918 277.844078399896
813.435 281.795756203069
813.952 283.487487930496
814.469 276.489901281961
814.986 284.062796129153
815.503 286.221435069574
816.02  283.41541464791
816.537 286.95339614
817.054 277.488840465016
817.571 285.524198069224
818.088 290.088825213049
818.605 283.647083151944
819.122 275.778231897597
819.639 277.506703713713
820.156 278.068013704073
820.673 272.48678064532
821.19  276.497301802113
821.707 278.477276184564
822.224 279.870466653817
822.741 278.073808975344
823.258 280.244583369612
823.775 275.291945439034
824.292 276.52845765094
824.809 282.246233148729
825.326 269.76093552038
825.843 278.500990278019
826.36  281.667399573952
826.877 277.343291843863
827.394 272.046533493357
827.911 273.917631086848
828.428 276.100398007123
828.945 277.018233853128
829.462 274.259243680072
829.979 273.24740719885
830.496 265.088239803884
831.013 270.392249442291
831.53  272.470291375488
832.047 276.636809140367
832.564 276.172599677417
833.081 270.693708302275
833.598 267.643878015681
834.115 269.974914347499
834.632 268.686211063349
835.149 271.322605739345
835.666 269.263390819672
836.183 272.868009106991
836.7   267.111133648086
837.217 272.092247018358
837.734 269.784449733188
838.251 264.964439614904
838.768 273.067261834046
839.285 272.865814187508
839.802 260.668470038602
840.319 272.159654359542
840.836 268.970872188985
841.353 264.74599755803
841.87  268.766303786916
842.387 269.504907057308
842.904 268.904537492616
843.421 264.65101212176
843.938 272.504756105361
844.455 266.28989446455
844.972 269.124426401585
845.489 274.20168116489
846.006 264.370972082565
846.523 269.657563380294
847.04  274.97262462661
847.557 268.23573701449
848.074 266.304731582757
848.591 272.137305097555
849.108 265.86645757308
849.625 267.103267206987
850.142 268.29457985603
850.659 267.031405766188
851.176 265.323346027337
851.693 270.217133816006
852.21  259.326561160553
852.727 261.899350065183
853.244 274.459971248021
853.761 268.15704035774
854.278 258.270690600125
854.795 270.692419992917
855.312 264.244335118694
855.829 256.95434540608
856.346 263.235758912088
856.863 253.839878061388
857.38  245.839018275109
857.897 257.489533178154
858.414 252.877635683848
858.931 250.818261857541
859.448 253.732589680519
859.965 247.56009101812
860.482 243.663484526077
860.999 258.771969891112
861.516 255.238093820335
862.033 251.575087900262
862.55  262.468558000761
863.067 253.750972450005
863.584 234.450132235969
864.101 244.477688456173
864.618 240.393615099129
865.135 231.301704683619
865.652 239.440056812329