174.94  5965.3673805593
175.457 6006.57358726247
175.974 5992.22595004017
176.491 6037.28279178943
177.008 5988.01164551103
177.525 5999.76491303504
178.042 6028.60423087385
178.559 5980.13167819582
179.076 5951.27903015256
179.593 5934.55648704834
180.11  5923.5237712837
180.627 5848.29443486559
181.144 5803.51321788376
181.661 5728.73410302971
182.178 5709.79280177767
182.695 5734.18139243045
183.212 5711.60855938493
183.729 5728.59299974313
184.246 5727.87924946776
184.763 5665.41559469463
185.28  5656.92837078144
185.797 5616.40516425693
186.314 5619.03173844337
186.831 5604.5163261697
187.348 5591.47374977474
187.865 5632.56029008883
188.382 5721.1819480794
188.899 5713.29754286455
189.416 5678.28610154448
189.933 5643.67560079072
190.45  5604.62805005068
190.967 5585.26891505342
191.484 5551.30880254988
192.001 5475.80861262209
192.518 5375.53564421168
193.035 5401.99495880687
193.552 5409.95760595584
194.069 5360.1734323598
194.586 5271.63930130667
195.103 5197.62605224569
195.62  5156.97761230013
196.137 5130.62572279265
196.654 5109.55446790944
197.171 5057.99853371721
197.688 4939.79806533718
198.205 4919.96526706712
198.722 4814.10241897385
199.239 4830.93527116565
199.756 4861.58737467148
200.273 4855.98897023194
200.79  4855.64326488029
201.307 4758.46439028267
201.824 4742.14662754968
202.341 4746.35137885598
202.858 4698.58561950502
203.375 4663.60273572403
203.892 4637.28601972189
204.409 4668.68449186643
204.926 4655.10289498011
205.443 4610.49381818391
205.96  4546.02505948937
206.477 4449.78596094237
206.994 4394.84978463496
207.511 4410.74373242528
208.028 4421.53450663741
208.545 4412.41551689237
209.062 4420.22957308338
209.579 4384.12764307791
210.096 4348.72626341914
210.613 4301.75759944831
211.13  4298.41406963189
211.647 4243.01346586835
212.164 4252.14129687018
212.681 4214.89369915092
213.198 4211.17654769318
213.715 4192.28986335169
214.232 4133.45493784832
214.749 4095.08676385652
215.266 4059.6627364248
215.783 4047.38995833471
216.3   4012.82446168467
216.817 3979.44257410234
217.334 3893.78283729726
217.851 3885.56280391546
218.368 3867.30313850764
218.885 3836.97366726633
219.402 3818.44851712782
219.919 3819.60687492932
220.436 3801.07557580021
220.953 3783.20920509239
221.47  3777.89962747354
221.987 3778.77593760174
222.504 3725.02898817273
223.021 3689.35073750768
223.538 3688.0341006997
224.055 3687.77382914539
224.572 3641.45551445944
225.089 3582.80455611764
225.606 3535.26264508884
226.123 3552.14664580548
226.64  3523.88680821905
227.157 3477.12466676594
227.674 3447.16231857903
228.191 3452.57842792899
228.708 3501.30665723247
229.225 3532.15771212709
229.742 3501.21561729929
230.259 3504.53715500589
230.776 3487.91574287677
231.293 3458.72147046533
231.81  3454.29853097293
232.327 3409.92575370521
232.844 3371.08145634348
233.361 3343.15181080756
233.878 3309.73534979137
234.395 3333.69137087313
234.912 3355.11583655129
235.429 3296.73597423408
235.946 3240.26368158286
236.463 3172.59610843536
236.98  3129.57053167861
237.497 3106.703659279
238.014 3169.30135781479
238.531 3153.52899558577
239.048 3173.11426959968
239.565 3122.99309742886
240.082 3103.19468558653
240.599 3037.54174653556
241.116 3069.99150587871
241.633 3040.15543576082
242.15  3074.42144485172
242.667 3101.72880916922
243.184 3051.84375778541
243.701 3086.2010917386
244.218 3087.337890788
244.735 3066.62005701829
245.252 3056.66963075797
245.769 3064.68320941088
246.286 3016.11177474854
246.803 3044.75257756459
247.32  3044.43083440757
247.837 3038.60110041008
248.354 3033.97308828722
248.871 3009.79388061538
249.388 2977.13349661438
249.905 2938.84019164682
250.422 2927.38963021433
250.939 2927.60060314462
251.456 2904.28744373578
251.973 2898.89761636702
252.49  2858.53894939954
253.007 2800.04440569059
253.524 2743.9269755809
254.041 2778.46795702363
254.558 2788.68249801662
255.075 2796.65101765936
255.592 2813.52217238228
256.109 2827.37553996456
256.626 2800.36600202456
257.143 2783.58009631716
257.66  2750.63962987353
258.177 2761.80240216863
258.694 2734.63537345935
259.211 2753.38823488352
259.728 2726.03992061497
260.245 2694.13477224757
260.762 2665.03976018548
261.279 2700.01621207096
261.796 2705.96950296791
262.313 2712.93221347516
262.83  2695.07913222306
263.347 2666.06704719918
263.864 2618.2293732985
264.381 2623.80431183051
264.898 2580.27032404827
265.415 2574.24540036254
265.932 2589.67719065787
266.449 2621.35335698554
266.966 2578.61836437641
267.483 2542.33106833056
268 2568.23389202763
268.517 2583.56162614346
269.034 2557.57258191518
269.551 2541.19562040795
270.068 2550.22794122075
270.585 2545.55713489677
271.102 2521.80708287289
271.619 2492.06917445565
272.136 2500.96630738641
272.653 2483.41191157924
273.17  2442.41731099188
273.687 2459.74757910411
274.204 2438.7078154202
274.721 2445.08504240707
275.238 2450.94624453237
275.755 2417.93772305667
276.272 2438.47030544821
276.789 2434.77256880899
277.306 2420.33119967483
277.823 2454.41088649966
278.34  2425.87677288199
278.857 2366.64178667095
279.374 2332.26181846704
279.891 2291.50836856861
280.408 2278.31569836288
280.925 2260.95310711772
281.442 2221.58835449554
281.959 2220.10131161705
282.476 2261.44937323425
282.993 2294.25040148871
283.51  2281.53829191802
284.027 2215.04895169285
284.544 2150.81394493855
285.061 2183.35952246907
285.578 2205.95635443406
286.095 2203.31689028517
286.612 2172.92535520052
287.129 2090.36471804001
287.646 2084.52685255012
288.163 1935.3347602878
288.68  1857.43530265248
289.197 1863.0039527721
289.714 1860.78526107501
290.231 1896.93722473945
290.748 1917.04278601551
291.265 1982.11020259652
291.782 1999.86559119258
292.299 2023.45108572102
292.816 2046.78870498737
293.333 2073.1471980213
293.85  2133.69483775731
294.367 2124.58333068066
294.884 2089.51397361333
295.401 2082.41894399994
295.918 2097.11743541838
296.435 2171.34613455276
296.952 2197.68803114438
297.469 2290.22556892465
297.986 2271.22669821217
298.503 2280.01095342517
299.02  2290.99476100116
299.537 2311.48685925446
300.054 2299.9065196179
300.571 2224.89923696338
301.088 2201.08572890815
301.605 2192.47792243918
302.122 2182.51257055914
302.639 2135.35722673566
303.156 2076.18107997111
303.673 1952.27629000575
304.19  1944.71934313201
304.707 1904.49438975549
305.224 1844.42404252745
305.741 1831.20997605105
306.258 1831.05070749925
306.775 1814.09369545473
307.292 1783.36957301305
307.809 1745.44298337572
308.326 1734.8408447674
308.843 1739.52079907374
309.36  1765.79448499392
309.877 1678.10649998692
310.394 1626.09412617667
310.911 1651.19443424202
311.428 1674.51330002812
311.945 1764.39177852222
312.462 1752.76042700205
312.979 1755.21605073428
313.496 1772.62312127255
314.013 1720.79672013897
314.53  1666.50065640439
315.047 1701.52529490366
315.564 1712.2480712466
316.081 1698.62094777068
316.598 1690.57618373775
317.115 1690.58457477641
317.632 1635.48451707846
318.149 1638.60828361718
318.666 1629.68370063432
319.183 1636.60343850162
319.7   1595.78284492931
320.217 1570.69459634131
320.734 1600.02605453596
321.251 1590.59201552894
321.768 1586.86082118423
322.285 1568.28755174837
322.802 1581.62124926163
323.319 1585.83925088437
323.836 1621.73664098385
324.353 1577.41952680181
324.87  1552.4929324425
325.387 1482.79770638992
325.904 1461.92175040213
326.421 1505.20069641
326.938 1580.20425299857
327.455 1624.1080826954
327.972 1643.19413519255
328.489 1640.67074950886
329.006 1649.60647278996
329.523 1605.59444151609
330.04  1605.36588653713
330.557 1578.14510745371
331.074 1570.07114724572
331.591 1590.7528647561
332.108 1594.10471161274
332.625 1554.15230670555
333.142 1502.47707302858
333.659 1480.92455099768
334.176 1502.26502391114
334.693 1529.19006368169
335.21  1601.51051102311
335.727 1645.39564262681
336.244 1610.76513071834
336.761 1604.75423488801
337.278 1597.99332637185
337.795 1634.88659947915
338.312 1636.30974462736
338.829 1640.35882093709
339.346 1670.11071859832
339.863 1642.14889836456
340.38  1612.87504661567
340.897 1585.3181085283
341.414 1583.37583767862
341.931 1599.57298857801
342.448 1563.19403011619
342.965 1545.90624257894
343.482 1536.32919140788
343.999 1533.98520400513
344.516 1533.51516789104
345.033 1601.50760386087
345.55  1647.14478795127
346.067 1793.31843693429
346.584 1845.01227284848
347.101 1924.95882211563
347.618 2046.67521545902
348.135 2157.7490431076
348.652 2227.57292947438
349.169 2204.46810401726
349.686 2201.09936869621
350.203 2209.39651056526
350.72  2236.45966436264
351.237 2263.29100453364
351.754 2263.21398531802
352.271 2230.62869864946
352.788 2078.97961971439
353.305 1896.44674906386
353.822 1782.2811066083
354.339 1705.78861670626
354.856 1678.93846180921
355.373 1667.59146743248
355.89  1633.06142165231
356.407 1603.53556892612
356.924 1611.31610056293
357.441 1587.23101199003
357.958 1614.9510101427
358.475 1609.40274213046
358.992 1563.6903895577
359.509 1595.55340452841
360.026 1617.49907058032
360.543 1638.26237310459
361.06  1618.87830889253
361.577 1674.50066459897
362.094 1725.41996118093
362.611 1709.78635111562
363.128 1665.8124519428
363.645 1616.33967105795
364.162 1580.76699523441
364.679 1640.52980248252
365.196 1693.17569944742
365.713 1635.97395190179
366.23  1666.52487885277
366.747 1663.55205120997
367.264 1642.53460394764
367.781 1692.11061490501
368.298 1672.33221121404
368.815 1671.14673319905
369.332 1643.53298538465
369.849 1613.14224623788
370.366 1626.25005621991
370.883 1679.91267734814
371.4   1688.30353866524
371.917 1694.49506938497
372.434 1704.69485682977
372.951 1631.05571377641
373.468 1604.63889665651
373.985 1648.82107228872
374.502 1651.15859275478
375.019 1641.06550246027
375.536 1628.23047037526
376.053 1625.60737908094
376.57  1575.7341680997
377.087 1571.4013365974
377.604 1616.56307709838
378.121 1575.22675348733
378.638 1607.94433665437
379.155 1608.36923619677
379.672 1649.58647437904
380.189 1619.94722388157
380.706 1577.97535982969
381.223 1563.29984172563
381.74  1610.55759895955
382.257 1634.71559564225
382.774 1628.13425624493
383.291 1620.84217940466
383.808 1651.37137204025
384.325 1639.7821708918
384.842 1655.75566148269
385.359 1619.83985415067
385.876 1568.92160624896
386.393 1532.97855769611
386.91  1516.81994717141
387.427 1526.49896919713
387.944 1553.39614366197
388.461 1523.77040457179
388.978 1494.64206796937
389.495 1489.00026080916
390.012 1451.1840495935
390.529 1473.50938538596
391.046 1495.29237830059
391.563 1525.40720953085
392.08  1450.4028778934
392.597 1435.88194415825
393.114 1433.90715294031
393.631 1444.74606747073
394.148 1456.54012486599
394.665 1448.62426278916
395.182 1455.61275835392
395.699 1444.36745809616
396.216 1477.19524930226
396.733 1505.90419476098
397.25  1486.30434052797
397.767 1502.1241140709
398.284 1477.8446088426
398.801 1440.06783062126
399.318 1437.33620127673
399.835 1465.74552279849
400.352 1507.61417739521
400.869 1461.98542794894
401.386 1468.04746619258
401.903 1447.91420984465
402.42  1439.20024465812
402.937 1444.08998121114
403.454 1441.68075374366
403.971 1450.59562536703
404.488 1486.46174528467
405.005 1498.81752240468
405.522 1468.45083130661
406.039 1466.37082646183
406.556 1434.1325616532
407.073 1446.3208329966
407.59  1440.57462902571
408.107 1443.1326052746
408.624 1441.90192066755
409.141 1424.36792069903
409.658 1397.62929696527
410.175 1431.06769399219
410.692 1461.64448839602
411.209 1435.27871599853
411.726 1389.04135833592
412.243 1353.6650115671
412.76  1329.47869430616
413.277 1338.33037811639
413.794 1386.551127565
414.311 1394.94945965127
414.828 1407.5314002789
415.345 1424.20786259601
415.862 1426.66426815344
416.379 1399.4366533854
416.896 1384.64874293925
417.413 1411.62753033961
417.93  1425.23942323293
418.447 1396.17036241744
418.964 1395.47551745666
419.481 1408.90267022972
419.998 1388.03695097341
420.515 1380.4726658749
421.032 1391.63368337552
421.549 1360.46223056186
422.066 1372.15146667339
422.583 1348.8680985792
423.1   1343.23257349979
423.617 1331.95523728087
424.134 1331.86997138331
424.651 1348.87758403868
425.168 1358.29322845827
425.685 1340.14326524482
426.202 1336.69671737658
426.719 1310.52055341334
427.236 1314.80990648437
427.753 1316.44299805722
428.27  1321.25956755897
428.787 1343.94111303123
429.304 1346.32031169159
429.821 1316.74650518735
430.338 1322.95837875213
430.855 1324.56392202666
431.372 1325.64683193531
431.889 1309.1352629021
432.406 1301.78093388566
432.923 1322.69549506164
433.44  1348.83015687767
433.957 1329.55847376727
434.474 1327.48528326322
434.991 1320.65680512058
435.508 1293.93533410306
436.025 1340.16267960321
436.542 1358.60761497037
437.059 1364.38671690088
437.576 1359.16736342856
438.093 1358.09448823145
438.61  1344.32581719068
439.127 1338.27953593917
439.644 1336.51369186945
440.161 1294.07994140232
440.678 1300.40350600468
441.195 1293.03013668191
441.712 1288.29299145266
442.229 1342.71897139576
442.746 1308.50342670313
443.263 1311.78151167528
443.78  1303.98805803505
444.297 1276.80780187328
444.814 1270.78261029817
445.331 1264.5663123862
445.848 1254.76604854714
446.365 1255.51317085617
446.882 1238.70553733376
447.399 1251.80210529801
447.916 1267.44778141442
448.433 1280.41613534309
448.95  1284.2879062771
449.467 1258.08847484755
449.984 1215.81007667052
450.501 1208.04816301518
451.018 1208.84209728229
451.535 1196.3092320766
452.052 1202.1614412973
452.569 1185.57097459241
453.086 1204.16927533725
453.603 1209.92653792232
454.12  1235.60437958329
454.637 1214.76277197773
455.154 1166.73142319453
455.671 1163.21978644902
456.188 1181.53600836821
456.705 1195.26269607441
457.222 1180.30661928904
457.739 1201.44765667626
458.256 1207.75958947971
458.773 1176.05318039126
459.29  1170.54192634999
459.807 1154.71267719771
460.324 1159.7364236685
460.841 1188.52591142819
461.358 1209.20573317576
461.875 1174.30498793932
462.392 1158.70730620972
462.909 1144.53550275137
463.426 1118.20740730945
463.943 1113.68783649188
464.46  1088.76393419217
464.977 1076.74580659086
465.494 1077.69238694139
466.011 1075.0369592715
466.528 1107.10038159489
467.045 1097.52050293133
467.562 1085.06389126545
468.079 1095.42035950754
468.596 1109.55481162985
469.113 1109.97814529432
469.63  1119.21801656443
470.147 1131.1132299164
470.664 1136.50075120468
471.181 1110.94775192244
471.698 1124.69145235166
472.215 1151.56080488873
472.732 1134.64044532328
473.249 1097.64626796081
473.766 1075.50771479052
474.283 1076.73598783883
474.8   1067.32253146333
475.317 1076.96284992282
475.834 1072.24641611183
476.351 1074.70697263056
476.868 1080.41032301147
477.385 1065.6048380469
477.902 1067.50501823112
478.419 1080.25558648576
478.936 1097.86840034271
479.453 1097.13733518099
479.97  1071.89853800938
480.487 1093.36761538113
481.004 1070.47884021194
481.521 1102.79941084669
482.038 1095.42626170767
482.555 1103.36624142923
483.072 1099.73404002531
483.589 1073.94508406161
484.106 1072.40487694617
484.623 1058.636245496
485.14  1053.68048634312
485.657 1059.65970608596
486.174 1067.71371502203
486.691 1032.78075003304
487.208 1009.24447063721
487.725 994.756177689389
488.242 1019.73973623431
488.759 1021.88050884671
489.276 1043.90216124245
489.793 1018.54381313216
490.31  1022.10121751712
490.827 1032.87122532524
491.344 1009.25915920361
491.861 1029.97378389214
492.378 999.787751589648
492.895 1021.61001933527
493.412 1012.01655922633
493.929 1012.35639581405
494.446 979.06274102565
494.963 984.045737159527
495.48  963.168512810304
495.997 981.621853761733
496.514 1008.28563162593
497.031 1018.28116528395
497.548 1004.7033460274
498.065 978.767847638133
498.582 995.077128022549
499.099 988.02367204812
499.616 988.990807527583
500.133 984.539532690133
500.65  974.161458294524
501.167 1008.93124743425
501.684 1000.05099656929
502.201 1002.79639808077
502.718 1005.64253400064
503.235 964.326930448152
503.752 967.003203489495
504.269 978.770750849317
504.786 965.445133252311
505.303 972.857335990007
505.82  987.312403978846
506.337 920.782182116068
506.854 912.546346524354
507.371 924.961558865323
507.888 953.098969525533
508.405 969.889321214761
508.922 939.4203106639
509.439 914.673490176869
509.956 910.740611593512
510.473 923.053058306236
510.99  934.82362331515
511.507 981.902287765833
512.024 941.900728601094
512.541 954.635618719633
513.058 965.989812802629
513.575 941.099377497827
514.092 959.250241971057
514.609 930.10906374467
515.126 927.324482995177
515.643 908.842584798604
516.16  888.834601109965
516.677 912.279638448627
517.194 907.776152892925
517.711 887.719335002011
518.228 870.007272323568
518.745 870.503625963971
519.262 868.021851382771
519.779 875.140711079886
520.296 857.673087537756
520.813 892.227471494188
521.33  898.125007626153
521.847 887.686438003529
522.364 915.243647802067
522.881 931.085728440377
523.398 936.194055332424
523.915 937.797497573453
524.432 913.529138032359
524.949 917.68817372149
525.466 904.887743723092
525.983 901.583636546245
526.5   878.150201351516
527.017 911.196747245252
527.534 901.819846954728
528.051 894.939244178542
528.568 891.741844499986
529.085 909.225771680663
529.602 887.822871990791
530.119 891.717439252275
530.636 872.388417404271
531.153 894.616055242678
531.67  936.713580924424
532.187 960.398239044127
532.704 950.28423434613
533.221 967.929333792024
533.738 959.355849313939
534.255 958.738603238962
534.772 972.091484045867
535.289 972.21025566623
535.806 1022.94143489568
536.323 1049.54036344539
536.84  1061.92533621167
537.357 1068.81643489264
537.874 1059.614449991
538.391 1073.16638213011
538.908 1054.48181163231
539.425 1057.38948431937
539.942 1028.66216977589
540.459 1021.35956859357
540.976 1016.974678926
541.493 1014.5708397244
542.01  972.728470888085
542.527 946.711793422601
543.044 985.406469851276
543.561 1003.28567540531
544.078 951.884105143399
544.595 921.049197933052
545.112 920.975670465078
545.629 912.232160906293
546.146 920.466168635719
546.663 911.858668881749
547.18  911.34523909769
547.697 927.715706233811
548.214 936.955204551841
548.731 951.549171285992
549.248 912.80780395464
549.765 931.590730681881
550.282 948.401870483064
550.799 984.356068532463
551.316 965.391835693948
551.833 951.708661261956
552.35  926.314735608845
552.867 950.4826930922
553.384 941.166310943962
553.901 943.355801963023
554.418 944.502995616916
554.935 964.25312807699
555.452 952.346981275642
555.969 935.216414679109
556.486 924.400434798913
557.003 930.611321706221
557.52  916.220036170645
558.037 911.094351875849
558.554 933.582108835262
559.071 952.047313227332
559.588 942.478086790929
560.105 950.027348604175
560.622 978.566493995166
561.139 959.70957726284
561.656 919.464606096284
562.173 871.078679894983
562.69  878.752546509249
563.207 919.398257949012
563.724 922.080424934827
564.241 945.637834354216
564.758 937.96846711842
565.275 939.13924773552
565.792 951.5312261169
566.309 943.380499092841
566.826 927.348595537222
567.343 920.515841702471
567.86  913.401899217661
568.377 916.573089116057
568.894 913.913229809145
569.411 920.342611221307
569.928 900.641970773602
570.445 884.140535724755
570.962 876.982330421526
571.479 862.536468073013
571.996 885.437827215006
572.513 877.119030062041
573.03  866.159321629951
573.547 860.843415109352
574.064 883.890273033086
574.581 905.52202306032
575.098 892.086741275512
575.615 876.836130699909
576.132 887.106283559516
576.649 884.548226719128
577.166 908.504052746652
577.683 898.397766334726
578.2   893.54902285207
578.717 895.277264127292
579.234 868.384661710748
579.751 876.053924499105
580.268 844.498133292368
580.785 838.813602839477
581.302 857.143848297798
581.819 860.015824523594
582.336 831.259301908151
582.853 838.066706196745
583.37  829.788142587443
583.887 842.307391480599
584.404 813.775831474504
584.921 833.667772034841
585.438 840.920258082822
585.955 837.963982266276
586.472 844.680992400358
586.989 860.166899214873
587.506 850.319255956264
588.023 854.732584025021
588.54  836.895131343073
589.057 822.954233378348
589.574 842.187446688779
590.091 846.786948383501
590.608 812.734435430253
591.125 822.426625128767
591.642 799.476395576362
592.159 816.671693728614
592.676 826.860204730759
593.193 826.393188092012
593.71  803.825498116659
594.227 846.477889580359
594.744 834.553182407298
595.261 829.309248458299
595.778 853.47797983606
596.295 832.931968490581
596.812 813.842997696287
597.329 831.776062283422
597.846 777.420349996713
598.363 793.214308522088
598.88  776.798318600278
599.397 780.422936154279
599.914 766.54867047618
600.431 764.98783005866
600.948 766.845465906674
601.465 794.517175057822
601.982 798.412891447746
602.499 784.191494117251
603.016 776.886938527582
603.533 788.340648473181
604.05  789.517145402639
604.567 799.798673559078
605.084 786.555791335861
605.601 756.855042498112
606.118 752.69301882928
606.635 760.330725119258
607.152 749.678112860001
607.669 752.663758398912
608.186 750.521846410529
608.703 767.850052153591
609.22  771.824496008452
609.737 758.087029451099
610.254 761.65733281355
610.771 761.36217358255
611.288 748.943879224128
611.805 755.844273001524
612.322 750.304615333307
612.839 778.425675282699
613.356 778.798074229794
613.873 767.170367321515
614.39  746.70066874276
614.907 725.749677248185
615.424 716.899723459899
615.941 709.115947568036
616.458 709.19005149797
616.975 705.332115486104
617.492 747.515545783096
618.009 736.982581362921
618.526 757.517743449393
619.043 740.554481583118
619.56  734.176244700441
620.077 723.982458828541
620.594 725.639900315843
621.111 746.035917271361
621.628 752.437225783704
622.145 767.743570556684
622.662 763.489873321606
623.179 766.374828079513
623.696 772.160816853229
624.213 761.094768548851
624.73  743.535775767638
625.247 724.009932713098
625.764 719.523190734482
626.281 708.806798832121
626.798 713.779431910239
627.315 710.676935090503
627.832 708.259191636505
628.349 691.294250716114
628.866 680.250591623986
629.383 685.280016440016
629.9   683.138090359158
630.417 688.251776213157
630.934 697.054265301722
631.451 695.136201827172
631.968 700.662712707509
632.485 696.232835700712
633.002 706.483495795332
633.519 712.858125601742
634.036 701.035098997325
634.553 662.006664378824
635.07  678.037606250535
635.587 687.827315145602
636.104 693.366739429988
636.621 703.634399158638
637.138 680.138463440196
637.655 682.981945309278
638.172 671.727855173708
638.689 678.880943476134
639.206 675.861617664629
639.723 671.358328673806
640.24  680.266345618684
640.757 681.199119080732
641.274 663.499736972432
641.791 662.342699093375
642.308 692.556187981367
642.825 677.40804114261
643.342 664.576269462211
643.859 651.49883676257
644.376 644.172174110214
644.893 644.723018826028
645.41  646.388605543193
645.927 653.943383272548
646.444 651.824302958434
646.961 672.540322328507
647.478 654.931265066553
647.995 647.819232451208
648.512 646.325078799552
649.029 659.853829858226
649.546 679.941629561072
650.063 651.911713724715
650.58  660.430610759705
651.097 641.801087580752
651.614 639.21282556676
652.131 622.608077615622
652.648 614.165739593669
653.165 613.547074110352
653.682 604.064180153554
654.199 629.219987184197
654.716 641.022609569378
655.233 618.357448207105
655.75  599.724187103597
656.267 601.663597255679
656.784 595.063835840343
657.301 628.330177165471
657.818 653.590564911071
658.335 630.06701786525
658.852 627.011979334663
659.369 631.803961707772
659.886 634.456849684145
660.403 650.849391874873
660.92  648.272971117669
661.437 625.360170387782
661.954 620.764104704221
662.471 617.178647812135
662.988 622.645046561548
663.505 635.409492819561
664.022 625.3869803566
664.539 633.181995583353
665.056 598.693543781099
665.573 599.421067390418
666.09  614.431795713164
666.607 629.522611568608
667.124 626.746867421906
667.641 609.713872354441
668.158 611.789876489553
668.675 607.349532825824
669.192 609.779697550919
669.709 606.205329903813
670.226 598.610195458013
670.743 584.331826234495
671.26  572.339384842431
671.777 574.518107915166
672.294 588.325500495842
672.811 588.17087203272
673.328 579.732743209716
673.845 588.376467218814
674.362 601.723549974035
674.879 603.303186850215
675.396 586.956870848658
675.913 600.625141103343
676.43  598.889865537887
676.947 604.935737425794
677.464 589.234944114188
677.981 591.446910209588
678.498 559.434956668411
679.015 565.89548129601
679.532 581.961870776122
680.049 575.717698235418
680.566 579.209993764241
681.083 587.305400563856
681.6   546.539295864769
682.117 564.372966704685
682.634 552.024413543558
683.151 549.060759172662
683.668 565.323469628958
684.185 575.778261785927
684.702 568.787053999386
685.219 568.695642292752
685.736 562.859334272462
686.253 539.224513992103
686.77  527.292310280908
687.287 540.18030754086
687.804 565.054565185982
688.321 559.008845232457
688.838 547.745802420067
689.355 525.936006385424
689.872 554.61571002831
690.389 579.459604843806
690.906 575.527344824517
691.423 563.808012263416
691.94  555.485787617682
692.457 541.312692917765
692.974 553.945583377917
693.491 534.633010693761
694.008 540.037881009894
694.525 546.93203768629
695.042 525.926286186279
695.559 532.085219173149
696.076 523.139573131077
696.593 533.906584082171
697.11  555.667961070274
697.627 549.049754323583
698.144 536.815661085017
698.661 545.762046644794
699.178 546.407477639787
699.695 543.73335824466
700.212 535.510609408981
700.729 535.175979987543
701.246 521.884287924242
701.763 524.379239236226
702.28  518.248732032986
702.797 524.635701151361
703.314 519.566546187355
703.831 535.222689672374
704.348 528.298092049747
704.865 523.822278412197
705.382 517.43153231923
705.899 510.818388307235
706.416 517.74612494701
706.933 522.567324544732
707.45  529.242642828356
707.967 526.697525112883
708.484 520.328076788645
709.001 495.518349822095
709.518 509.437598903469
710.035 519.636671049366
710.552 522.640668933811
711.069 520.740304058878
711.586 501.53970301521
712.103 507.355422902969
712.62  499.982730074674
713.137 515.096199029191
713.654 527.077547781183
714.171 517.686581678954
714.688 502.831656276984
715.205 520.201413375261
715.722 505.168974942955
716.239 527.157312091802
716.756 506.350004178446
717.273 517.07295558711
717.79  508.020189745964
718.307 501.5316215369
718.824 488.316658209831
719.341 511.797860330403
719.858 516.417261754825
720.375 496.289003762123
720.892 490.180932152897
721.409 497.589273888248
721.926 504.475395460392
722.443 513.184710872873
722.96  511.8973792942
723.477 521.783658917247
723.994 502.383837651126
724.511 499.249406435121
725.028 472.621937348003
725.545 478.581232617995
726.062 499.676021838085
726.579 492.425431065527
727.096 496.907354255227
727.613 489.901165889332
728.13  478.346403223048
728.647 490.81729492789
729.164 504.410481853523
729.681 514.901713482822
730.198 514.224216112614
730.715 504.142173003286
731.232 490.294800268162
731.749 486.281166225611
732.266 494.740597540657
732.783 482.599857643806
733.3   506.190988310253
733.817 498.918238620707
734.334 479.800636205816
734.851 476.379828418723
735.368 487.648739506775
735.885 474.732711471838
736.402 475.27922374006
736.919 458.348227465178
737.436 465.232407528771
737.953 465.908609764848
738.47  472.353250778435
738.987 481.674380100388
739.504 468.135136744424
740.021 467.580694119438
740.538 469.455149151378
741.055 463.736565894201
741.572 476.234327762791
742.089 464.192293784305
742.606 462.212596996123
743.123 461.300825983784
743.64  469.570095495274
744.157 471.893842337655
744.674 471.340580340426
745.191 463.438573464414
745.708 467.917150478379
746.225 463.260022293433
746.742 450.08269155267
747.259 430.891020892427
747.776 428.937696549452
748.293 438.482335322043
748.81  454.531753359196
749.327 466.785857026889
749.844 451.191244934264
750.361 450.811979105742
750.878 447.990799202418
751.395 448.512485641469
751.912 439.0896163404
752.429 441.882015152315
752.946 442.613353584646
753.463 441.191330213212
753.98  445.127018860177
754.497 443.870832356396
755.014 447.228433895782
755.531 455.540074069204
756.048 445.8688630559
756.565 457.58163264403
757.082 435.671337463485
757.599 448.93423807773
758.116 445.697948169839
758.633 456.384351584407
759.15  434.950605920294
759.667 457.105297386304
760.184 447.241077695808
760.701 439.431801823582
761.218 441.219688507456
761.735 450.121542479545
762.252 441.664752995287
762.769 439.232437500807
763.286 439.261544180383
763.803 418.418132834567
764.32  430.487957836334
764.837 432.287191778153
765.354 438.565737985311
765.871 447.518015823671
766.388 431.012726336351
766.905 408.261208432156
767.422 394.94567353631
767.939 386.977903099966
768.456 406.764213616389
768.973 418.52901876499
769.49  419.550990300342
770.007 412.290944172123
770.524 422.116478059941
771.041 417.435422570621
771.558 416.38320660555
772.075 410.973930115252
772.592 405.100876987471
773.109 403.089717451096
773.626 391.333158388366
774.143 394.968442492762
774.66  403.662294718266
775.177 413.450359205988
775.694 409.463880134449
776.211 416.928176706149
776.728 417.591306533426
777.245 401.849758078933
777.762 384.457821895482
778.279 393.27122797787
778.796 399.217605580286
779.313 407.852858719924
779.83  412.095584303817
780.347 419.446670817418
780.864 425.668617237137
781.381 421.620403489508
781.898 415.786900262057
782.415 393.455828012607
782.932 399.706164672106
783.449 413.932072347593
783.966 410.220204272386
784.483 404.430631176147
785 411.362433394569
785.517 412.910306019101
786.034 403.831171816767
786.551 399.576786171457
787.068 410.377419524587
787.585 404.780246190584
788.102 404.257978254943
788.619 425.850885118541
789.136 410.252335607031
789.653 388.922486906268
790.17  374.159280631393
790.687 371.979834236233
791.204 395.834239803777
791.721 396.646935601588
792.238 384.340781744234
792.755 396.487189688458
793.272 395.446694048113
793.789 395.861734923808
794.306 398.119020784802
794.823 395.400468856453
795.34  403.237573570485
795.857 404.873846304166
796.374 408.409095278682
796.891 401.353880773029
797.408 402.932671460014
797.925 400.97785210063
798.442 405.727546718919
798.959 407.237398545381
799.476 394.945496423449
799.993 386.153239184337
800.51  390.561014269438
801.027 378.16336741222
801.544 375.295811244827
802.061 378.63872172055
802.578 380.595814879623
803.095 391.714979022942
803.612 375.281665872728
804.129 397.544405862716
804.646 374.931653223039
805.163 383.342331370307
805.68  373.7213340644
806.197 366.878848099183
806.714 388.650975518358
807.231 378.359216418183
807.748 383.209481986855
808.265 377.77923157085
808.782 365.140557421313
809.299 370.163818693778
809.816 380.398664189728
810.333 374.163728706511
810.85  376.65477556775
811.367 382.826312401694
811.884 373.917035762805
812.401 375.912939923844
812.918 366.106493741402
813.435 360.777573035363
813.952 353.385140066113
814.469 361.861033581276
814.986 366.255283050019
815.503 356.041857322142
816.02  354.263591079205
816.537 357.188078461296
817.054 371.047768046625
817.571 368.98913459799
818.088 354.127935302764
818.605 348.939615253036
819.122 343.196354904793
819.639 355.48067332018
820.156 370.201943934991
820.673 371.989838192678
821.19  376.651439885319
821.707 378.577304625386
822.224 371.380948302217
822.741 360.790598877252
823.258 380.686908860271
823.775 368.762799547324
824.292 355.042995709621
824.809 351.801832308363
825.326 361.743187992723
825.843 354.044608788779
826.36  360.279471103423
826.877 365.785837766629
827.394 367.143651501973
827.911 368.816389833465
828.428 362.130108328477
828.945 356.40507086656
829.462 364.910401185719
829.979 375.136005005652
830.496 383.599862257436
831.013 380.203315706531
831.53  366.338853467567
832.047 358.194261616434
832.564 373.113882689955
833.081 368.890359835253
833.598 374.072130278607
834.115 368.808036599445
834.632 348.623947525316
835.149 362.792309335993
835.666 360.009461378814
836.183 344.798128402164
836.7   337.360631913196
837.217 358.280219792772
837.734 347.40233938919
838.251 357.087664973763
838.768 346.650263215863
839.285 344.242101843144
839.802 339.054088951705
840.319 353.584211009359
840.836 337.492146799894
841.353 332.710638876933
841.87  356.367052157732
842.387 346.682073043937
842.904 341.330506714118
843.421 352.876919118944
843.938 329.675411240798
844.455 328.696694676416
844.972 327.729001071067
845.489 326.102788784893
846.006 333.306779658506
846.523 343.939195554918
847.04  347.360245492071
847.557 357.289637769705
848.074 357.30512481101
848.591 368.894508679744
849.108 353.816925161523
849.625 356.359989339998
850.142 343.117654995704
850.659 334.875375281799
851.176 335.874489740079
851.693 354.124576531218
852.21  339.222775234925
852.727 335.342045511188
853.244 339.207980374732
853.761 325.981879007488
854.278 322.419978285085
854.795 325.056064492288
855.312 308.080298990369
855.829 326.253149087243
856.346 339.829039961
856.863 324.788645499787
857.38  350.665090841699
857.897 355.29166106514
858.414 346.951196502021
858.931 329.091036666299
859.448 327.240568759655
859.965 329.736429845744
860.482 332.586057140093
860.999 339.974521346224
861.516 326.39552218852
862.033 322.116141037306
862.55  325.563732423845
863.067 311.112893511158
863.584 306.490115503912
864.101 312.184571698206
864.618 315.635869652197
865.135 310.064412123315
865.652 316.943729527689