174.94  586.315636523287
175.457 576.562587791716
175.974 593.511838886672
176.491 592.128536287505
177.008 593.001984533653
177.525 580.527533284293
178.042 604.59014949534
178.559 566.918874089632
179.076 569.436568922329
179.593 543.515356730378
180.11  548.156435745412
180.627 552.80091165824
181.144 566.367915304359
181.661 556.732468493473
182.178 533.804251913078
182.695 541.051233276223
183.212 537.139502981544
183.729 534.888549679616
184.246 555.765314077094
184.763 558.493809222632
185.28  536.786942768512
185.797 546.031188463463
186.314 513.249059308284
186.831 498.224591052799
187.348 484.863021689956
187.865 511.255795306817
188.382 511.520134059302
188.899 509.133839903699
189.416 522.00309286831
189.933 499.445120616469
190.45  497.354881197577
190.967 481.175959852886
191.484 469.136707075956
192.001 470.659556546933
192.518 492.607464490992
193.035 489.184378098095
193.552 491.146373382628
194.069 483.724110149156
194.586 489.285333076406
195.103 467.458230148435
195.62  453.011934289793
196.137 443.579857410168
196.654 432.794552915875
197.171 412.540264541639
197.688 447.996941045501
198.205 476.156503145955
198.722 441.637274202636
199.239 417.529094527469
199.756 413.004680139764
200.273 428.907650728027
200.79  416.308624779273
201.307 369.067098076616
201.824 390.781880398516
202.341 388.591187787685
202.858 386.181894966311
203.375 373.084827112772
203.892 349.290286947434
204.409 329.335468605257
204.926 332.821757876137
205.443 353.248579682262
205.96  370.724622889614
206.477 361.529364405816
206.994 328.837107518452
207.511 312.207943628012
208.028 268.698106423573
208.545 277.884865394362
209.062 275.017671568202
209.579 251.992581321017
210.096 254.100831234205
210.613 255.715097148494
211.13  281.525360835601
211.647 295.727675918944
212.164 260.654838502376
212.681 241.367767454156
213.198 237.793763320916
213.715 230.624775392205
214.232 204.397826318687
214.749 205.271506397986
215.266 187.614652712052
215.783 181.396708565099
216.3   178.375654375922
216.817 172.679499640955
217.334 171.08991784308
217.851 158.237057363347
218.368 162.817313923651
218.885 157.645068096943
219.402 186.253269701624
219.919 174.455964328784
220.436 208.23991517406
220.953 202.84832387494
221.47  197.996940933387
221.987 179.208190369532
222.504 165.4567321552
223.021 157.504463018853
223.538 165.223667144788
224.055 174.087502515559
224.572 134.755519262681
225.089 134.036285732959
225.606 134.619022452872
226.123 145.771790607169
226.64  126.546774454283
227.157 130.981231637223
227.674 138.038039347
228.191 134.424739207355
228.708 113.776112059079
229.225 87.1960519298977
229.742 97.7507518814921
230.259 99.7608847062195
230.776 101.84625415461
231.293 108.213933603251
231.81  95.8849842168781
232.327 80.5506484274517
232.844 87.033704821323
233.361 99.8317161178511
233.878 104.774793457515
234.395 91.2395939800854
234.912 100.57044123605
235.429 98.8883426370833
235.946 89.9859379803395
236.463 77.8678917931711
236.98  65.3079362601786
237.497 70.5133247245826
238.014 66.3638745980966
238.531 63.8368786339349
239.048 46.1114952318285
239.565 47.210853974552
240.082 40.5127660472117
240.599 38.8191995730112
241.116 51.5911484532764
241.633 67.8450960787995
242.15  56.5339726327853
242.667 43.3981813404364
243.184 33.5965767223528
243.701 20.4788426916989
244.218 11.7233590453047
244.735 11.8633102339247
245.252 19.4079346703658
245.769 12.3825864083916
246.286 24.0147889298374
246.803 28.7729894793987
247.32  32.5425382903086
247.837 22.8172914580467
248.354 22.0520237063241
248.871 37.3932809125308
249.388 36.3950769066391
249.905 34.2413864970472
250.422 46.6948584866442
250.939 46.3458093325427
251.456 30.6843174003471
251.973 4.88437689756927
252.49  -1.84230056777881
253.007 -11.0749551014248
253.524 -7.80838688819813
254.041 -2.96516918515783
254.558 0.628726524728563
255.075 0.320937292723556
255.592 -8.39578517171924
256.109 -7.77057347897448
256.626 -4.61926768663102
257.143 -23.5738707828156
257.66  -3.2891203804943
258.177 -24.4554966696885
258.694 -30.5204171629655
259.211 -26.8239427064058
259.728 -24.5204312716139
260.245 -27.7449517432535
260.762 -26.3484102014903
261.279 -10.2015803088175
261.796 -18.4248909924171
262.313 -24.3173101348654
262.83  -19.5007969759588
263.347 -13.2394748310794
263.864 -14.1283560898481
264.381 -31.2802965395242
264.898 -41.0072097407809
265.415 -38.8760907291652
265.932 -20.8411804155168
266.449 -19.8115759586722
266.966 -26.0106890406023
267.483 -24.0145382510315
268 -26.0004280509301
268.517 -28.6195007718493
269.034 -35.6756121607698
269.551 -32.6792375981641
270.068 -26.4147576017182
270.585 -22.4767418806782
271.102 -1.21350368474361
271.619 -7.79342721524677
272.136 -15.3791433653756
272.653 -8.57973276955533
273.17  -9.64057647529353
273.687 -25.2007086021724
274.204 -37.8846590314096
274.721 -24.6170330541685
275.238 -3.44769055041536
275.755 6.38147033373843
276.272 5.72208571017507
276.789 -5.07187793036974
277.306 -16.9677136236427
277.823 -30.6257305539289
278.34  -2.3382557733737
278.857 -1.84788358235039
279.374 12.7232490643544
279.891 17.6718793301137
280.408 40.04068392944
280.925 65.146999289209
281.442 108.160257459477
281.959 180.165821406275
282.476 293.014720030449
282.993 478.109623167218
283.51  702.078076142467
284.027 973.363097824408
284.544 1221.42981532308
285.061 1383.9902552257
285.578 1445.74765460376
286.095 1406.15821656539
286.612 1376.6086934734
287.129 1375.69359852062
287.646 1377.95264541974
288.163 1431.48165186973
288.68  1506.58643420847
289.197 1692.76508353817
289.714 1881.6285891506
290.231 2093.53641100994
290.748 2282.04680667824
291.265 2438.31810799692
291.782 2582.80981055797
292.299 2668.0216191609
292.816 2754.04935447514
293.333 2813.24352721405
293.85  2833.90196318251
294.367 2876.0532470999
294.884 2888.36576482699
295.401 2907.19373482502
295.918 2893.16288531857
296.435 2887.42255513751
296.952 2847.41904738129
297.469 2807.05429602935
297.986 2782.59196985322
298.503 2789.69531408543
299.02  2770.27507113459
299.537 2768.1899900673
300.054 2740.62330865036
300.571 2739.08474282617
301.088 2684.99145525392
301.605 2636.81930858322
302.122 2585.61000359473
302.639 2546.02683650653
303.156 2528.00191450183
303.673 2493.875870748
304.19  2441.86223384988
304.707 2351.69911070027
305.224 2275.3836052757
305.741 2204.8317104962
306.258 2177.37879622018
306.775 2153.78513598625
307.292 2076.71580041888
307.809 2024.5134404729
308.326 1973.0600746949
308.843 1963.68699261396
309.36  1946.3366982496
309.877 1911.28502905116
310.394 1896.09664220522
310.911 1850.66842038971
311.428 1829.26583199045
311.945 1814.21839053293
312.462 1771.87218939862
312.979 1764.78366784513
313.496 1756.31339794038
314.013 1752.60299292139
314.53  1772.6463287225
315.047 1771.74291141772
315.564 1751.85312718638
316.081 1758.75240278593
316.598 1765.77795933862
317.115 1767.36866338813
317.632 1760.84521999065
318.149 1745.18850847567
318.666 1750.74460873141
319.183 1738.37877564161
319.7   1718.54880086178
320.217 1719.30501624723
320.734 1716.91502454336
321.251 1722.3007716995
321.768 1747.19622514072
322.285 1734.31698071731
322.802 1741.6864508328
323.319 1780.52545662167
323.836 1764.74034205937
324.353 1745.10708718246
324.87  1709.90467647523
325.387 1700.42603739647
325.904 1695.28898021552
326.421 1697.88673335347
326.938 1673.60180932276
327.455 1660.08667769362
327.972 1673.69367270162
328.489 1653.55923624526
329.006 1630.98882903476
329.523 1622.43038320079
330.04  1611.21746506288
330.557 1566.26137694659
331.074 1543.62118850889
331.591 1520.84638337105
332.108 1544.35863887361
332.625 1536.27803575662
333.142 1526.89685010621
333.659 1490.50277972614
334.176 1484.13387280721
334.693 1494.38635220493
335.21  1503.98590527243
335.727 1495.71843626638
336.244 1470.39927327289
336.761 1456.46966869259
337.278 1448.02235189981
337.795 1458.00646332169
338.312 1472.33958197574
338.829 1498.14923893482
339.346 1472.04944072883
339.863 1472.49842016188
340.38  1428.88727750217
340.897 1393.10156483763
341.414 1382.54031115447
341.931 1377.39061580433
342.448 1384.03851687897
342.965 1359.57660815616
343.482 1350.57352506503
343.999 1351.20073925557
344.516 1345.49569942479
345.033 1360.39482798559
345.55  1349.47670654695
346.067 1339.82820535604
346.584 1326.26103449565
347.101 1305.81771074862
347.618 1286.17237225183
348.135 1254.20337157709
348.652 1228.74974210048
349.169 1201.80675242209
349.686 1186.27759577475
350.203 1163.73811958331
350.72  1181.56757891392
351.237 1192.2428187581
351.754 1162.79583926458
352.271 1164.44344143227
352.788 1119.06722197555
353.305 1088.40486899592
353.822 1108.99547492643
354.339 1140.79943725191
354.856 1173.41431007096
355.373 1189.81663574394
355.89  1208.41757142944
356.407 1202.04741213884
356.924 1211.85600267863
357.441 1200.00258940566
357.958 1204.23469380854
358.475 1171.94462227016
358.992 1167.69456881633
359.509 1160.56109399561
360.026 1155.34276674067
360.543 1123.51618588481
361.06  1120.69404713824
361.577 1102.74130411933
362.094 1104.6625164894
362.611 1106.41005247424
363.128 1097.74983665188
363.645 1098.98289597199
364.162 1080.05480154594
364.679 1063.39343573355
365.196 1038.14240263698
365.713 1039.1781186801
366.23  1050.86451165237
366.747 1060.80363020784
367.264 1044.53177583979
367.781 1052.00234098787
368.298 1055.07378807357
368.815 1046.88239757779
369.332 1021.6628849101
369.849 996.226235075058
370.366 989.111306120063
370.883 1004.47901963599
371.4   995.041606451823
371.917 983.232714473661
372.434 984.274912317207
372.951 1001.59303889948
373.468 990.283170486366
373.985 981.684995833171
374.502 981.861942784514
375.019 973.282875344441
375.536 963.705759100023
376.053 958.27982357043
376.57  951.834049488194
377.087 949.071789506832
377.604 942.78893352451
378.121 923.943791385167
378.638 917.173857019323
379.155 921.035156854592
379.672 919.180290835215
380.189 939.981908809561
380.706 937.541959178517
381.223 943.600082070606
381.74  934.239795100537
382.257 906.42263043482
382.774 903.042347036586
383.291 900.093548888576
383.808 916.741822033049
384.325 906.421791151574
384.842 897.873386057167
385.359 880.84948649689
385.876 856.593940778447
386.393 868.477767609596
386.91  863.835456504763
387.427 855.422589785928
387.944 857.080395471729
388.461 847.135530733287
388.978 852.714374599503
389.495 852.172439247365
390.012 855.347809201956
390.529 838.662739289914
391.046 821.091347584496
391.563 819.567349160134
392.08  843.381495937631
392.597 823.181258968337
393.114 814.032383009071
393.631 803.046531897534
394.148 806.800342112556
394.665 785.09265055862
395.182 777.816668591971
395.699 772.64546683938
396.216 761.130569905887
396.733 746.07173167635
397.25  739.945462848442
397.767 731.634694306575
398.284 755.362866598242
398.801 753.280707773236
399.318 732.56945017156
399.835 697.537114822184
400.352 696.121532610728
400.869 701.087274543433
401.386 714.916722651813
401.903 718.936075849966
402.42  732.115543870559
402.937 740.700585324448
403.454 742.522116251529
403.971 726.10327963012
404.488 720.745131120113
405.005 713.388351943217
405.522 709.530458480288
406.039 696.580573751316
406.556 681.805734332007
407.073 675.143570665806
407.59  673.921231690209
408.107 677.542200258166
408.624 674.989607454947
409.141 685.72373589805
409.658 676.673716654372
410.175 681.461788086833
410.692 676.841377491134
411.209 656.588781585577
411.726 648.324569850089
412.243 647.881759388353
412.76  639.452448366178
413.277 632.089852816935
413.794 644.640759603042
414.311 639.77063412719
414.828 626.616756131055
415.345 616.224225886658
415.862 601.701654928721
416.379 590.002479815423
416.896 587.171667296828
417.413 600.877741800239
417.93  599.678333773344
418.447 584.522858570902
418.964 600.530541203189
419.481 586.075150541181
419.998 576.984697263845
420.515 559.52152598816
421.032 554.709434728008
421.549 556.43501367819
422.066 571.146860833837
422.583 551.871603045405
423.1   565.217685470941
423.617 571.289540460309
424.134 568.114967341931
424.651 555.491345367673
425.168 545.657218142604
425.685 537.757254343468
426.202 535.488478320163
426.719 542.227364655311
427.236 537.681529911175
427.753 534.183469525517
428.27  519.27236454663
428.787 511.131950719991
429.304 512.237384482179
429.821 508.046865761083
430.338 492.930166527145
430.855 479.84805352893
431.372 482.615177670321
431.889 501.320486953597
432.406 520.77127499124
432.923 511.733431435103
433.44  500.990767442967
433.957 475.637874654098
434.474 482.787845728738
434.991 488.306612696678
435.508 502.85438739316
436.025 491.598661075105
436.542 477.693534782588
437.059 474.305176958429
437.576 464.811146992094
438.093 475.252189926634
438.61  474.541166664501
439.127 472.748216785065
439.644 482.166522364428
440.161 464.041843328587
440.678 459.002257200769
441.195 460.360831391444
441.712 468.210162750476
442.229 459.706348856761
442.746 467.320176005925
443.263 458.011648002965
443.78  429.694293594234
444.297 420.858353135975
444.814 413.34047711461
445.331 425.401562739198
445.848 433.259853518336
446.365 425.275824565341
446.882 434.899889986811
447.399 421.21860773571
447.916 412.56968247883
448.433 418.458868352482
448.95  409.962953941362
449.467 422.792448356881
449.984 444.44667706932
450.501 442.621643450736
451.018 430.661677650231
451.535 421.107655336249
452.052 417.651591331839
452.569 423.887200907026
453.086 420.128520233907
453.603 416.910707081418
454.12  414.143428636868
454.637 404.179874498799
455.154 397.56526344153
455.671 390.779101133682
456.188 399.731056447882
456.705 399.423535091599
457.222 410.350868398779
457.739 421.522093461159
458.256 410.399742898258
458.773 395.587843220254
459.29  397.070636013486
459.807 398.823019468832
460.324 392.796923158372
460.841 377.649836183773
461.358 369.981055130337
461.875 358.354588550152
462.392 358.213924612484
462.909 361.267175336039
463.426 364.149702151716
463.943 385.715189441599
464.46  380.508105498908
464.977 367.112420656085
465.494 360.352913632859
466.011 346.852092386538
466.528 366.149705897039
467.045 365.852962890962
467.562 361.953985333189
468.079 345.721133693026
468.596 337.393810794284
469.113 339.252293669282
469.63  353.599763313198
470.147 359.753418141215
470.664 358.592487383195
471.181 362.776730535403
471.698 350.4588169269
472.215 343.979176825201
472.732 339.287764723654
473.249 334.841879198739
473.766 333.88729153227
474.283 315.260925084773
474.8   305.265989163251
475.317 312.433186576774
475.834 318.143446532026
476.351 328.446646334453
476.868 343.148765971136
477.385 333.662998236095
477.902 316.12438282679
478.419 303.968072705693
478.936 293.521017473867
479.453 317.982872695393
479.97  329.183814116483
480.487 331.656106740161
481.004 335.516757449298
481.521 334.86598006044
482.038 310.630599607771
482.555 317.476884637668
483.072 314.822243894816
483.589 306.426272384049
484.106 312.737018634723
484.623 324.615502315655
485.14  326.161934363282
485.657 323.892739586731
486.174 320.563025277108
486.691 317.516499148624
487.208 309.785312853338
487.725 302.121237909159
488.242 305.9206654352
488.759 320.519591574023
489.276 293.53827859312
489.793 298.695225591599
490.31  297.112015100772
490.827 293.023877530753
491.344 303.943766413882
491.861 298.81943091517
492.378 289.127429082299
492.895 297.843014538142
493.412 298.778517131002
493.929 301.759222779869
494.446 284.836838062276
494.963 283.919788269644
495.48  289.920353644527
495.997 285.019708965905
496.514 280.887048768896
497.031 285.200093596927
497.548 270.360437790908
498.065 259.342410781568
498.582 249.377444564586
499.099 255.618415892754
499.616 258.63781492803
500.133 262.81883025884
500.65  269.899836954113
501.167 275.762873035106
501.684 275.940741806855
502.201 258.512914762363
502.718 245.180932309876
503.235 250.64688131645
503.752 250.507799511792
504.269 257.958105378175
504.786 255.181028297327
505.303 250.528887387185
505.82  243.668501928886
506.337 252.304370233192
506.854 252.883117789736
507.371 260.061369625869
507.888 251.712507204085
508.405 252.109631282468
508.922 244.239049978292
509.439 254.860569244786
509.956 256.111759518692
510.473 269.40683748412
510.99  263.976480048939
511.507 255.049584557605
512.024 247.35632662079
512.541 241.982521144048
513.058 242.459815642037
513.575 249.259234568164
514.092 254.44557197738
514.609 254.754399930432
515.126 254.497524885273
515.643 246.581897438206
516.16  241.50451485975
516.677 239.666430657125
517.194 226.866442239871
517.711 219.232573058359
518.228 202.117009967991
518.745 204.484038711713
519.262 217.60261651115
519.779 215.771478049393
520.296 222.317179770559
520.813 229.935624265479
521.33  227.030812967066
521.847 226.744385845634
522.364 225.176564008518
522.881 231.581188350085
523.398 225.26446314467
523.915 221.367028332411
524.432 217.328722849654
524.949 220.808428610453
525.466 219.577858901848
525.983 222.170103155521
526.5   208.002407215708
527.017 202.055715678864
527.534 208.586320323736
528.051 216.286884549016
528.568 219.782232425522
529.085 215.133873745388
529.602 212.985533767172
530.119 218.384668353173
530.636 223.886879278776
531.153 235.647974373697
531.67  249.546076793855
532.187 270.773518670442
532.704 246.107251952252
533.221 227.813674213258
533.738 215.381257959126
534.255 211.235535771362
534.772 204.191360474523
535.289 196.240936095534
535.806 185.159082154235
536.323 197.069450184417
536.84  215.463203960206
537.357 217.739704133766
537.874 227.855205874209
538.391 235.830879822524
538.908 247.098656935488
539.425 272.308585193771
539.942 270.850589395904
540.459 257.109253166763
540.976 260.695595526979
541.493 264.294638401152
542.01  250.024378623852
542.527 231.9052131287
543.044 235.571748788793
543.561 247.738353816704
544.078 244.334556455059
544.595 232.585853322605
545.112 219.145452243628
545.629 229.469532651547
546.146 228.093738080009
546.663 225.248981060623
547.18  224.695681123183
547.697 213.12465127418
548.214 204.578916904746
548.731 211.855041357973
549.248 225.263133662629
549.765 232.847882937179
550.282 234.813267541769
550.799 227.466697986314
551.316 205.565702114308
551.833 197.50863786865
552.35  201.297248385127
552.867 210.522732653514
553.384 221.406489319131
553.901 223.341834722352
554.418 209.279958439232
554.935 219.067750510758
555.452 219.339743544145
555.969 213.638519704788
556.486 204.505817786546
557.003 203.528454682787
557.52  205.12241415875
558.037 198.436640340339
558.554 205.775267189916
559.071 199.540370252213
559.588 198.170577075785
560.105 197.70305507188
560.622 196.714485480605
561.139 212.556725263254
561.656 202.612148922935
562.173 206.473101192692
562.69  198.719230694963
563.207 195.192736749714
563.724 196.407235562918
564.241 197.205932633127
564.758 196.0790740587
565.275 183.191426470632
565.792 197.339562145353
566.309 190.168333764758
566.826 194.999278998382
567.343 182.48246736269
567.86  176.609694303374
568.377 180.81356234976
568.894 195.495689513567
569.411 203.877086415652
569.928 205.581938910516
570.445 199.55042146689
570.962 201.435341124605
571.479 202.203087340716
571.996 181.712258379873
572.513 176.833469443084
573.03  178.802826542567
573.547 179.779130078521
574.064 183.618459350783
574.581 176.593319377439
575.098 182.406334709474
575.615 186.080634617843
576.132 178.257322189394
576.649 182.99866549983
577.166 187.574716012303
577.683 171.887669461521
578.2   172.98252960507
578.717 172.738308497866
579.234 167.861267965041
579.751 169.085160978929
580.268 167.331847633521
580.785 166.034674083264
581.302 170.796939889096
581.819 187.197479945564
582.336 185.717152828088
582.853 184.775560764154
583.37  181.155928286844
583.887 175.131173515352
584.404 173.2612752354
584.921 171.94250699982
585.438 167.446143224707
585.955 163.534190674231
586.472 171.799683729257
586.989 168.612261015581
587.506 169.818296900567
588.023 164.853630589165
588.54  158.740344500411
589.057 166.568762964695
589.574 173.173632324972
590.091 166.47838538619
590.608 162.39241823151
591.125 161.648641810167
591.642 159.356883419116
592.159 159.894005608761
592.676 154.929149146921
593.193 164.662237506978
593.71  161.438936335136
594.227 150.912118172358
594.744 159.581591283889
595.261 157.022895097243
595.778 162.273938424043
596.295 161.837713950344
596.812 149.75173288477
597.329 161.762807021429
597.846 162.769734758997
598.363 165.824774287699
598.88  163.402025569356
599.397 152.053389820212
599.914 153.119128393737
600.431 153.774717448266
600.948 146.791064821594
601.465 142.109406487864
601.982 147.703755405791
602.499 162.656427986261
603.016 163.926259602009
603.533 158.320397159059
604.05  152.711211497188
604.567 137.351739800181
605.084 143.740628475338
605.601 148.441052564236
606.118 148.324977112219
606.635 144.574480542264
607.152 142.00850380665
607.669 148.248161324328
608.186 139.067987722395
608.703 136.687546981326
609.22  133.450034783411
609.737 135.377025931269
610.254 124.183878275841
610.771 130.15427948205
611.288 127.458142990019
611.805 140.762690026693
612.322 157.714563573432
612.839 156.448066932897
613.356 145.203228836007
613.873 135.950952148076
614.39  132.08203237371
614.907 125.914227010906
615.424 132.873384754934
615.941 140.832895469178
616.458 134.903922161728
616.975 146.707051907686
617.492 141.253760794734
618.009 137.696768852096
618.526 135.418262015861
619.043 132.643554531622
619.56  124.065949803042
620.077 127.074204271586
620.594 131.987278662468
621.111 133.419101178236
621.628 129.331100348088
622.145 126.213294180646
622.662 116.071244450389
623.179 125.178128990002
623.696 120.386572316476
624.213 130.497871478294
624.73  132.884594962353
625.247 126.560882764285
625.764 116.951255252013
626.281 129.681618893144
626.798 138.067702369906
627.315 133.013427794476
627.832 131.104744317632
628.349 126.582745132084
628.866 132.505631339156
629.383 130.242902783673
629.9   126.076344958231
630.417 122.191901401502
630.934 119.011390786769
631.451 125.265193262523
631.968 132.544066715691
632.485 113.019705793278
633.002 126.889151313934
633.519 124.36319773729
634.036 120.53993094674
634.553 125.473926419144
635.07  119.476049409195
635.587 120.170396540192
636.104 121.253860200666
636.621 122.215926633071
637.138 122.480898335068
637.655 133.405919737809
638.172 133.904204996246
638.689 134.738036077195
639.206 129.964724702505
639.723 117.556353304012
640.24  117.652770910154
640.757 117.181330084758
641.274 107.583610388923
641.791 120.69844859526
642.308 125.865036752913
642.825 127.121133053921
643.342 126.041051559081
643.859 130.342921733998
644.376 129.368800597948
644.893 116.831531039232
645.41  108.467016691056
645.927 113.16358163415
646.444 107.861967652169
646.961 107.678875739492
647.478 110.586800358528
647.995 126.746598152732
648.512 126.90540821821
649.029 115.316807642488
649.546 103.16684374752
650.063 103.959712010348
650.58  106.932359855356
651.097 106.038396853318
651.614 101.128057205503
652.131 110.419105971463
652.648 114.313167657242
653.165 100.852450060927
653.682 95.8285606163433
654.199 91.9655642164237
654.716 98.0159006891445
655.233 108.63835836275
655.75  97.5950206762396
656.267 104.417115047624
656.784 111.453974888523
657.301 108.242139844935
657.818 103.34976934017
658.335 113.659747278176
658.852 113.292828318425
659.369 119.377390126304
659.886 105.924400210915
660.403 107.082986114543
660.92  100.182903994087
661.437 106.111226986873
661.954 96.0956935406609
662.471 86.3522995562474
662.988 99.2912473111467
663.505 103.915326225626
664.022 94.8922255474673
664.539 100.786824756839
665.056 104.584467702773
665.573 102.068725076661
666.09  96.2699371535793
666.607 94.9450926530794
667.124 101.707671303105
667.641 100.341229163769
668.158 105.239007575687
668.675 103.001849465566
669.192 100.895536752328
669.709 102.536366770527
670.226 101.675929680942
670.743 99.8777238096103
671.26  100.056022702528
671.777 93.3304728790248
672.294 90.3417504777154
672.811 91.1467706085879
673.328 92.8136264452674
673.845 104.232543706963
674.362 102.224718192946
674.879 105.465976783131
675.396 104.576189439897
675.913 102.692313475498
676.43  99.4821106306894
676.947 100.617591201233
677.464 106.431009501912
677.981 101.709920741389
678.498 101.578130017062
679.015 100.33098916447
679.532 105.090224923052
680.049 90.3979086917851
680.566 86.5294366979191
681.083 84.0576216641415
681.6   81.0609128969257
682.117 84.67000622343
682.634 95.560333002634
683.151 102.522987055198
683.668 108.965169357539
684.185 110.37091664488
684.702 105.236624916606
685.219 102.724013471038
685.736 108.940415398115
686.253 103.391825168647
686.77  108.750408919757
687.287 105.522851914013
687.804 101.237106211034
688.321 99.8644587563215
688.838 90.1100708619839
689.355 87.0105384512486
689.872 86.9049463348691
690.389 91.2574191985623
690.906 88.7794881501723
691.423 86.7449307707142
691.94  90.3169563354881
692.457 95.0055019889317
692.974 90.1106261639721
693.491 100.420718201919
694.008 109.792430853282
694.525 109.564926777844
695.042 98.3729593886263
695.559 96.7382498234937
696.076 96.0002315819369
696.593 82.3009281828329
697.11  88.3184988816577
697.627 92.4758164057958
698.144 102.770888845042
698.661 98.6339542035182
699.178 101.170016626403
699.695 103.181869654799
700.212 96.7708754453646
700.729 93.0913632507186
701.246 96.601720514582
701.763 93.7578344247833
702.28  88.1189354200418
702.797 81.1108257050584
703.314 81.9945681681859
703.831 88.2353521118184
704.348 92.6026219429906
704.865 88.4475502300937
705.382 92.4193148506791
705.899 92.0353116301574
706.416 90.7862667360142
706.933 90.162004495356
707.45  92.8241717382004
707.967 95.3012404973223
708.484 92.563331891085
709.001 88.7844972143325
709.518 93.3373855264268
710.035 95.1838008904213
710.552 93.212225522879
711.069 81.3398214608984
711.586 76.2510662271716
712.103 76.6189912099929
712.62  78.2955718187722
713.137 80.2202903334829
713.654 75.2504286797176
714.171 72.0873650924376
714.688 76.1710261557491
715.205 83.6295006709259
715.722 85.5984508803837
716.239 80.5478036536552
716.756 83.2471253187167
717.273 75.3769560874675
717.79  72.2088101624935
718.307 74.8670320736875
718.824 75.272415777536
719.341 77.165607064725
719.858 73.5534276588303
720.375 77.6856784954598
720.892 85.8469082548493
721.409 85.8921096378913
721.926 77.7967743687324
722.443 74.1475625272615
722.96  69.8129050614674
723.477 69.4580194142569
723.994 76.5017454686386
724.511 79.3418509071915
725.028 79.7501587290723
725.545 79.7479809126029
726.062 75.4348397207192
726.579 75.3773897806497
727.096 76.5297081999293
727.613 90.6509611786021
728.13  79.8761632070621
728.647 68.7647550723308
729.164 67.1201002402986
729.681 73.9518517921353
730.198 73.1118866105644
730.715 80.6188950223092
731.232 74.9467329793245
731.749 81.3642567902259
732.266 76.9204685997209
732.783 68.5773210638643
733.3   58.54539276567
733.817 63.3519857081109
734.334 63.0696774736644
734.851 68.148845202312
735.368 72.0504079637409
735.885 64.7614591763714
736.402 70.4468135682308
736.919 78.1745787491373
737.436 80.1188704512607
737.953 81.4043492542347
738.47  84.3613507226125
738.987 89.3607007029562
739.504 81.696063838022
740.021 69.6290532016504
740.538 68.3202733103246
741.055 78.7483614041424
741.572 83.2355229678074
742.089 79.4317029218177
742.606 75.2258262511765
743.123 73.8256038813912
743.64  66.9946755430882
744.157 65.5690447984177
744.674 73.175414066937
745.191 74.5339615541557
745.708 74.9111507374284
746.225 77.5526756330582
746.742 74.9047157568404
747.259 72.057905644574
747.776 76.1814352789942
748.293 72.4183809964023
748.81  77.6221350617291
749.327 72.608170638658
749.844 69.8758448924387
750.361 66.8761928480159
750.878 71.303622582645
751.395 67.8528242364978
751.912 68.7056200688501
752.429 70.0783858638442
752.946 68.4159953732446
753.463 68.4175612718539
753.98  66.1059351411656
754.497 63.6844736651313
755.014 73.4840146747954
755.531 69.7486010301126
756.048 62.6178373655396
756.565 62.4228432799911
757.082 61.6050345186944
757.599 61.3850309591607
758.116 67.117480549187
758.633 66.0727967914335
759.15  68.8252303227693
759.667 70.454458310724
760.184 67.030414564572
760.701 76.3502683909374
761.218 75.7548434242305
761.735 68.2443270829441
762.252 61.8206754924297
762.769 67.239208092792
763.286 62.7323016694238
763.803 61.703575167193
764.32  57.4535458469038
764.837 67.8759562697463
765.354 67.4707632567777
765.871 69.7187247329784
766.388 73.6538286977628
766.905 71.2179136789931
767.422 76.6580773263058
767.939 72.2315900151384
768.456 67.3249231901222
768.973 62.7073899546493
769.49  66.3155116845748
770.007 70.655676260287
770.524 66.2098858241154
771.041 62.1101330486616
771.558 61.5391469266865
772.075 67.7652060780594
772.592 59.1020605783844
773.109 66.9655373422357
773.626 69.943987622995
774.143 61.5075628990634
774.66  70.1718650548996
775.177 74.7439358879476
775.694 67.6789986889418
776.211 63.1082579649068
776.728 64.6768879291699
777.245 59.803527598393
777.762 62.4311717628738
778.279 65.9135211094403
778.796 62.1661836650037
779.313 58.2349699954693
779.83  58.848211790125
780.347 63.629720116651
780.864 68.7341193255691
781.381 70.7005740109473
781.898 69.5431643130557
782.415 68.2631799020123
782.932 62.7575898877031
783.449 64.1265913049912
783.966 61.3015913604987
784.483 58.1476735253035
785 50.8053740835427
785.517 60.8586991497472
786.034 67.0454914964196
786.551 64.9070978007933
787.068 68.8434898333038
787.585 61.9422251795335
788.102 63.2730270509033
788.619 67.4001181794225
789.136 66.2851418897384
789.653 63.7356520113121
790.17  63.3505678419029
790.687 58.561283999602
791.204 55.9182974036019
791.721 59.2400447839176
792.238 59.7259513376849
792.755 63.8415559269996
793.272 59.3699177694053
793.789 62.1854330504211
794.306 59.427776148539
794.823 61.4836741201092
795.34  64.2155302795874
795.857 64.1401175204986
796.374 64.7499485177851
796.891 61.8699373866389
797.408 66.4489703742196
797.925 68.6765701659432
798.442 70.2330436193474
798.959 68.8852616015855
799.476 71.4788463623447
799.993 69.2266741116683
800.51  70.3222796998634
801.027 67.7914279732237
801.544 65.1313272601514
802.061 62.0494803168608
802.578 61.8819657585638
803.095 62.7333274994603
803.612 62.340116637347
804.129 67.7458612095829
804.646 63.8670670012311
805.163 69.3291018674495
805.68  65.3870914269524
806.197 70.71722237042
806.714 65.9667171188947
807.231 67.1946358150764
807.748 59.8643547658341
808.265 56.233713146191
808.782 57.8349681385134
809.299 61.6875913931245
809.816 62.8764554397192
810.333 60.3777857889126
810.85  59.8077269055405
811.367 60.9732185955957
811.884 62.7315898599025
812.401 66.9796215763936
812.918 62.8884754365584
813.435 66.4452515473892
813.952 59.9257675414241
814.469 59.138031224423
814.986 63.0973148137459
815.503 67.2548850158893
816.02  65.2238072996324
816.537 59.0462323693746
817.054 56.0815702924848
817.571 52.7550651343366
818.088 58.8328415952317
818.605 59.3898406899163
819.122 58.4234708871548
819.639 61.642134106012
820.156 64.8063556250631
820.673 65.0275057689344
821.19  64.9411919502174
821.707 60.8401406881559
822.224 59.8026859409269
822.741 60.736942513814
823.258 59.2065561292109
823.775 62.5604606171578
824.292 59.294690626534
824.809 55.6758105422749
825.326 58.8676258100493
825.843 60.4603806606989
826.36  67.9893559052881
826.877 65.8691943511951
827.394 60.7227740264348
827.911 64.8368204250761
828.428 59.9682432818567
828.945 55.9488576698781
829.462 54.5119385393138
829.979 60.0262607130073
830.496 61.5637725642445
831.013 70.1423322679829
831.53  64.7628515490023
832.047 59.8277688880971
832.564 56.0177610564483
833.081 59.002451773631
833.598 60.8994333004855
834.115 64.6898711071528
834.632 65.7448813412607
835.149 67.1423574054307
835.666 65.8347400797348
836.183 63.1889106768724
836.7   58.5798539600717
837.217 62.4889891404073
837.734 52.6549219459638
838.251 53.5942489798212
838.768 53.555253825845
839.285 56.2253144138263
839.802 54.4550911896125
840.319 59.4730125727728
840.836 62.0130666158512
841.353 56.4739058533685
841.87  52.5863091465349
842.387 58.4669468138434
842.904 52.4691047112617
843.421 60.738521607003
843.938 64.8371007234285
844.455 61.9156471359977
844.972 61.6290060429541
845.489 58.7012940189033
846.006 56.8137618550672
846.523 59.9682455708269
847.04  69.5278944990441
847.557 69.2761261615717
848.074 64.6446132361553
848.591 61.3201968640113
849.108 62.9417414371144
849.625 74.0175806263233
850.142 67.0855305435907
850.659 61.6985522335988
851.176 57.7160398255101
851.693 64.566997935112
852.21  64.0845734684297
852.727 57.4527834311297
853.244 59.7611679660974
853.761 53.3548478150907
854.278 51.5326152660984
854.795 53.3619707877079
855.312 55.6236514371516
855.829 55.0510514164183
856.346 55.416811961956
856.863 59.1432027657313
857.38  59.0353303644425
857.897 57.4438110438408
858.414 55.287702082921
858.931 54.0940561361367
859.448 60.3784205394771
859.965 57.0850380349849
860.482 54.6464200032226
860.999 56.1390171724165
861.516 58.1587827482186
862.033 48.2692390090916
862.55  50.1831795646596
863.067 55.3625599514632
863.584 56.461040671095
864.101 52.42929939667
864.618 54.6348454626658
865.135 50.1375909742369
865.652 57.838161615366