eV std mean
494.3203901019624 71.63093566894531 1056.649169921875
494.64401468306096 72.11814880371094 1050.422119140625
494.9676392641595 71.6355972290039 1045.177734375
495.2912638452581 70.96488189697266 1040.480224609375
495.61488842635663 69.96160125732422 1035.958251953125
495.9385130074552 69.67028045654297 1033.1058349609375
496.26213758855374 69.60676574707031 1031.377685546875
496.5857621696523 69.94609069824219 1029.526611328125
496.90938675075085 70.68035888671875 1029.4508056640625
497.2330113318494 70.82417297363281 1031.6497802734375
497.55663591294797 70.0267333984375 1032.2032470703125
497.8802604940465 70.41317749023438 1030.2496337890625
498.2038850751451 69.41429901123047 1026.5701904296875
498.52750965624364 69.93792724609375 1022.1071166992188
498.8511342373422 69.67664337158203 1017.0397338867188
499.17475881844075 69.15635681152344 1013.9285278320312
499.4983833995393 68.42213439941406 1009.38427734375
499.82200798063786 69.15065002441406 1009.1708984375
500.1456325617364 68.49776458740234 1005.43994140625
500.469257142835 68.81600952148438 1003.7238159179688
500.79288172393353 68.73894500732422 1000.739013671875
501.1165063050321 67.33248901367188 998.8910522460938
501.44013088613065 68.36196899414062 997.5548706054688
501.7637554672292 68.35906219482422 996.9722290039062
502.08738004832776 68.89131927490234 994.575439453125
502.4110046294263 68.77696228027344 993.8738403320312
502.7346292105249 68.25773620605469 993.6136474609375
503.05825379162343 68.50163269042969 991.8178100585938
503.381878372722 68.86636352539062 991.265380859375
503.70550295382054 68.70138549804688 989.4339599609375
504.0291275349191 69.22050476074219 988.717529296875
504.35275211601765 68.88566589355469 988.4238891601562
504.6763766971162 68.95365905761719 988.9451904296875
505.00000127821477 68.60733795166016 986.8407592773438
505.3236258593133 68.4021224975586 985.6192016601562
505.6472504404119 67.84803771972656 983.3697509765625
505.97087502151044 67.84933471679688 981.6219482421875
506.294499602609 67.91691589355469 980.0109252929688
506.61812418370755 67.95594787597656 979.1273803710938
506.9417487648061 68.47601318359375 978.025146484375
507.26537334590466 68.02876281738281 976.5953979492188
507.5889979270032 68.14738464355469 975.1530151367188
507.9126225081018 68.0101089477539 972.4924926757812
508.23624708920033 68.20083618164062 971.9338989257812
508.5598716702989 68.49237060546875 970.6535034179688
508.88349625139745 67.78373718261719 970.3441162109375
509.207120832496 68.2137680053711 971.009521484375
509.53074541359456 68.64527893066406 972.1102294921875
509.8543699946931 70.0143814086914 974.3257446289062
510.1779945757917 71.95523834228516 981.7264404296875
510.50161915689023 74.15668487548828 992.3927001953125
510.8252437379888 78.9463882446289 1001.7634887695312
511.14886831908734 81.69076538085938 1010.4536743164062
511.4724929001859 83.34664154052734 1012.860107421875
511.79611748128445 82.4767074584961 1013.6627807617188
512.119742062383 80.74243927001953 1011.192138671875
512.4433666434816 80.10350799560547 1009.2499389648438
512.7669912245801 79.4505386352539 1007.478515625
513.0906158056787 78.41797637939453 1005.6281127929688
513.4142403867772 77.60457611083984 1005.41357421875
513.7378649678758 77.28350830078125 1007.1044311523438
514.0614895489744 78.02948760986328 1012.283447265625
514.3851141300729 77.51673889160156 1020.810546875
514.7087387111715 78.95536041259766 1034.25244140625
515.03236329227 79.8634033203125 1051.8048095703125
515.3559878733686 79.08100128173828 1074.261474609375
515.6796124544671 79.48160552978516 1102.00927734375
516.0032370355657 78.63465118408203 1134.2991943359375
516.3268616166642 77.70494842529297 1165.15283203125
516.6504861977628 80.57001495361328 1191.125244140625
516.9741107788614 87.63477325439453 1213.6456298828125
517.2977353599599 95.56645965576172 1235.7115478515625
517.6213599410585 106.47746276855469 1256.818115234375
517.944984522157 116.15355682373047 1272.9532470703125
518.2686091032556 123.03984069824219 1284.4466552734375
518.5922336843541 126.92007446289062 1280.5357666015625
518.9158582654527 122.54950714111328 1265.8043212890625
519.2394828465513 113.9322280883789 1243.0743408203125
519.5631074276498 103.45801544189453 1217.388671875
519.8867320087484 91.36888885498047 1188.076416015625
520.2103565898469 83.2552490234375 1165.8375244140625
520.5339811709455 78.52238464355469 1144.2301025390625
520.857605752044 74.9947509765625 1129.8726806640625
521.1812303331426 75.29332733154297 1121.3021240234375
521.5048549142412 74.49211120605469 1117.18505859375
521.8284794953397 74.4170913696289 1117.179931640625
522.1521040764383 75.21539306640625 1120.2799072265625
522.4757286575368 76.30396270751953 1125.3892822265625
522.7993532386354 77.60839080810547 1132.6357421875
523.1229778197339 79.84333038330078 1141.9874267578125
523.4466024008325 84.15411376953125 1151.703857421875
523.770226981931 91.69060516357422 1160.4896240234375
524.0938515630296 98.80131530761719 1168.0076904296875
524.4174761441282 105.48138427734375 1172.1446533203125
524.7411007252267 111.24388122558594 1178.6959228515625
525.0647253063253 112.83662414550781 1180.3076171875
525.3883498874238 111.3372802734375 1179.2840576171875
525.7119744685224 108.35027313232422 1175.3740234375
526.0355990496209 104.31658935546875 1168.9112548828125
526.3592236307195 98.99897766113281 1160.9063720703125
526.682848211818 94.15778350830078 1153.608154296875
527.0064727929166 91.17633819580078 1144.764404296875
527.3300973740152 90.2716064453125 1137.8741455078125
527.6537219551137 88.71915435791016 1128.5867919921875
527.9773465362123 87.24009704589844 1119.3826904296875
528.3009711173108 83.46333312988281 1107.6268310546875
528.6245956984094 80.88428497314453 1095.827392578125
528.948220279508 76.33403015136719 1083.5068359375
529.2718448606065 74.40907287597656 1071.54833984375
529.5954694417051 73.25133514404297 1060.4114990234375
529.9190940228036 71.37818908691406 1050.2137451171875
530.2427186039022 71.34223175048828 1041.075439453125
530.5663431850007 70.9801254272461 1034.0504150390625
530.8899677660993 70.6257553100586 1026.608642578125
531.2135923471978 71.03677368164062 1022.5402221679688
531.5372169282964 70.77964782714844 1021.5121459960938
531.860841509395 71.28129577636719 1020.182861328125
532.1844660904935 71.02290344238281 1021.6024169921875
532.5080906715921 70.68205261230469 1023.994873046875
532.8317152526906 70.50457763671875 1027.6768798828125
533.1553398337892 70.95479583740234 1030.416259765625
533.4789644148877 71.996337890625 1034.4840087890625
533.8025889959863 73.1124496459961 1037.3924560546875
534.1262135770849 73.76990509033203 1041.1075439453125
534.4498381581834 74.85881805419922 1042.611572265625
534.773462739282 75.67962646484375 1045.2891845703125
535.0970873203805 75.00037384033203 1046.8448486328125
535.4207119014791 74.91215515136719 1047.3529052734375
535.7443364825776 75.99037170410156 1049.2462158203125
536.0679610636762 75.54841613769531 1049.876953125
536.3915856447748 75.57210540771484 1049.93603515625
536.7152102258733 76.24152374267578 1050.7567138671875
537.0388348069719 75.83395385742188 1049.9437255859375
537.3624593880704 75.76443481445312 1049.68310546875
537.686083969169 75.79792785644531 1051.8585205078125
538.0097085502675 77.21258544921875 1051.7720947265625
538.3333331313661 77.71249389648438 1053.836181640625
538.6569577124646 77.99088287353516 1054.378662109375
538.9805822935632 77.78260803222656 1056.0751953125
539.3042068746618 78.0479736328125 1056.50244140625
539.6278314557603 78.40312957763672 1057.1702880859375
539.9514560368589 80.68501281738281 1057.3525390625
540.2750806179574 79.59249114990234 1057.6038818359375
540.598705199056 79.25560760498047 1059.3109130859375
540.9223297801545 79.17617797851562 1061.2703857421875
541.2459543612531 78.66311645507812 1063.9022216796875
541.5695789423517 78.10650634765625 1063.7158203125
541.8932035234502 77.63838195800781 1063.40625
542.2168281045488 76.73454284667969 1060.68701171875
542.5404526856473 77.54792022705078 1058.206787109375
542.8640772667459 76.31563568115234 1056.2843017578125
543.1877018478444 76.20976257324219 1053.5921630859375
543.511326428943 75.74102020263672 1051.2088623046875
543.8349510100416 75.88742065429688 1048.7110595703125
544.1585755911401 75.94866180419922 1049.60791015625
544.4822001722387 76.35575103759766 1049.9267578125
544.8058247533372 77.9032211303711 1048.92919921875
545.1294493344358 77.08672332763672 1048.958984375
545.4530739155343 77.95360565185547 1049.6209716796875
545.7766984966329 77.62069702148438 1047.929443359375
546.1003230777314 78.11798858642578 1050.174072265625
546.42394765883 78.10643768310547 1049.85546875
546.7475722399286 78.45512390136719 1050.31396484375
547.0711968210271 79.24774169921875 1050.825439453125
547.3948214021257 77.88543701171875 1050.1915283203125
547.7184459832242 78.18560028076172 1048.81689453125
548.0420705643228 77.60052490234375 1048.0838623046875
548.3656951454213 78.30758666992188 1047.5557861328125
548.6893197265199 77.53778839111328 1047.5736083984375
549.0129443076185 77.8369140625 1047.2086181640625
549.336568888717 77.89376831054688 1047.3118896484375
549.6601934698156 78.16316223144531 1044.162353515625
549.9838180509141 76.49315643310547 1043.206787109375
550.3074426320127 77.037353515625 1040.1292724609375
550.6310672131112 76.0070571899414 1041.2906494140625
550.9546917942098 75.38397216796875 1040.07470703125
551.2783163753083 75.02748107910156 1040.0938720703125
551.6019409564069 75.14689636230469 1039.843017578125
551.9255655375055 75.13103485107422 1037.3814697265625
552.249190118604 74.47993469238281 1035.5858154296875
552.5728146997026 74.78425598144531 1033.78173828125
552.8964392808011 74.91960906982422 1030.8758544921875
553.2200638618997 74.15119171142578 1030.6453857421875
553.5436884429982 74.40122985839844 1028.7314453125
553.8673130240968 74.11469268798828 1027.2200927734375
554.1909376051954 74.1084213256836 1024.5897216796875
554.5145621862939 74.89080047607422 1022.8602294921875
554.8381867673925 74.87915802001953 1022.9981079101562
555.161811348491 75.50039672851562 1022.1604614257812
555.4854359295896 74.8550033569336 1020.25732421875
555.8090605106881 75.5451889038086 1019.1303100585938
556.1326850917867 74.5189437866211 1017.8198852539062
556.4563096728853 76.03990173339844 1016.0830688476562
556.7799342539838 76.05973052978516 1013.094970703125
557.1035588350824 75.80640411376953 1013.7381591796875
557.4271834161809 76.53607940673828 1012.7354125976562
557.7508079972795 75.77542114257812 1011.5235595703125
558.074432578378 76.2335433959961 1011.8558959960938
558.3980571594766 76.2689437866211 1011.334716796875
558.7216817405751 77.3857192993164 1011.3633422851562
559.0453063216737 77.44971466064453 1008.5740356445312
559.3689309027723 77.81462860107422 1007.9464721679688
559.6925554838708 77.90110778808594 1006.9468383789062
560.0161800649694 78.36534118652344 1004.92431640625
560.3398046460679 78.61780548095703 1003.4454956054688
560.6634292271665 78.70848083496094 1002.4252319335938
560.987053808265 78.55193328857422 1001.429443359375
561.3106783893636 79.61298370361328 1001.7933349609375
561.6343029704622 78.6380615234375 1000.3638916015625
561.9579275515607 79.3050537109375 999.12939453125
562.2815521326593 80.20207977294922 996.9956665039062
562.6051767137578 80.43952178955078 995.1366577148438
562.9288012948564 79.1898422241211 992.966064453125
563.2524258759549 79.6861343383789 990.4146118164062
563.5760504570535 78.7567138671875 989.9461059570312
563.899675038152 79.2379150390625 986.6343383789062
564.2232996192506 79.0226821899414 983.622802734375
564.5469242003492 77.25953674316406 983.1424560546875
564.8705487814477 77.2011947631836 981.7435302734375
565.1941733625463 76.47980499267578 978.87109375
565.5177979436448 75.77992248535156 979.4260864257812
565.8414225247434 76.52527618408203 976.8280029296875
566.165047105842 75.78275299072266 976.0846557617188
566.4886716869405 75.2379379272461 974.8048095703125
566.8122962680391 76.66600036621094 972.1544799804688
567.1359208491376 75.51078033447266 970.9569091796875
567.4595454302362 75.38838958740234 970.1060180664062
567.7831700113347 75.15559387207031 969.1832885742188
568.1067945924333 75.48855590820312 967.033935546875
568.4304191735318 74.65977478027344 965.8934936523438
568.7540437546304 75.09500122070312 963.9957275390625
569.077668335729 74.16444396972656 962.0448608398438
569.4012929168275 73.80862426757812 961.253662109375
569.7249174979261 74.26935577392578 960.0736083984375
570.0485420790246 73.98064422607422 958.9714965820312
570.3721666601232 72.64702606201172 957.1143798828125
570.6957912412217 72.81744384765625 956.6721801757812
571.0194158223203 73.43297576904297 954.659912109375
571.3430404034189 74.59551239013672 953.9586181640625
571.6666649845174 73.93927001953125 953.9478149414062
571.990289565616 73.46714782714844 951.5714721679688
572.3139141467145 74.32244873046875 951.3064575195312
572.6375387278131 73.86017608642578 950.1770629882812
572.9611633089116 73.95651245117188 949.6810302734375
573.2847878900102 74.76226806640625 948.3281860351562
573.6084124711087 74.85623168945312 949.275390625
573.9320370522073 73.9872055053711 948.17529296875
574.2556616333059 73.73321533203125 946.9537353515625
574.5792862144044 73.65428161621094 946.2179565429688
574.902910795503 74.9844970703125 945.2731323242188
575.2265353766015 74.45782470703125 945.2305297851562
575.5501599577001 73.77008056640625 942.9631958007812
575.8737845387986 74.31477355957031 941.9391479492188
576.1974091198972 74.02787017822266 939.1349487304688
576.5210337009958 74.04795837402344 938.4710693359375
576.8446582820943 73.74784088134766 936.9071655273438
577.1682828631929 73.70645904541016 936.5571899414062
577.4919074442914 73.5228500366211 934.3768920898438
577.81553202539 72.82101440429688 931.5654296875
578.1391566064885 73.37378692626953 932.3395385742188
578.4627811875871 74.0031967163086 932.3540649414062
578.7864057686857 73.5356674194336 931.8536376953125
579.1100303497842 74.19468688964844 930.5123291015625
579.4336549308828 74.26058959960938 930.8379516601562
579.7572795119813 74.18175506591797 930.8235473632812
580.0809040930799 73.74031066894531 932.7149047851562
580.4045286741784 73.90223693847656 934.4071044921875
580.728153255277 74.92652130126953 935.6371459960938
581.0517778363755 74.9512939453125 937.861083984375
581.3754024174741 74.88990020751953 937.0595092773438
581.6990269985727 74.4728775024414 936.8948974609375
582.0226515796712 74.60245513916016 937.4473876953125
582.3462761607698 74.3884506225586 936.3621215820312
582.6699007418683 73.96031951904297 932.3384399414062
582.9935253229669 74.48246002197266 929.63916015625
583.3171499040654 74.30997467041016 924.3134765625
583.640774485164 73.79658508300781 920.99951171875
583.9643990662626 73.7333984375 919.5792846679688
584.2880236473611 74.05149841308594 917.2820434570312
584.6116482284597 73.44117736816406 915.78662109375
584.9352728095582 73.85253143310547 914.3359375
585.2588973906568 73.61600494384766 913.255859375
585.5825219717553 73.49285125732422 911.8412475585938
585.9061465528539 74.36273193359375 908.7780151367188
586.2297711339525 73.44644927978516 908.4859619140625
586.553395715051 74.2164306640625 906.8231201171875
586.8770202961496 73.25525665283203 906.2430419921875
587.2006448772481 73.26702117919922 905.7635498046875
587.5242694583467 73.46793365478516 903.71142578125
587.8478940394452 73.46475219726562 901.8533325195312
588.1715186205438 73.04508209228516 900.1744384765625
588.4951432016423 72.4886474609375 897.9755859375
588.8187677827409 72.44783782958984 895.7940673828125
589.1423923638395 72.45308685302734 896.2200927734375
589.466016944938 72.59504699707031 895.4689331054688
589.7896415260366 72.6299819946289 895.3378295898438
590.1132661071351 71.76285552978516 894.9974975585938
590.4368906882337 73.31517028808594 892.5823364257812
590.7605152693322 72.69535827636719 890.3787231445312
591.0841398504308 72.89862823486328 888.04345703125
591.4077644315294 71.67597961425781 885.5689697265625
591.7313890126279 71.69841766357422 885.0247192382812
592.0550135937265 72.16583251953125 883.0850830078125
592.378638174825 72.19157409667969 881.2020263671875
592.7022627559236 71.7967529296875 879.8698120117188
593.0258873370221 72.16242218017578 878.08544921875
593.3495119181207 71.64657592773438 877.1522216796875
593.6731364992193 71.21349334716797 876.4306640625
593.9967610803178 70.89947509765625 873.9248046875
594.3203856614164 69.99998474121094 872.9586181640625
594.6440102425149 70.40876007080078 872.2070922851562
594.9676348236135 69.8939437866211 869.9207153320312
595.291259404712 70.44799041748047 868.1611938476562
595.6148839858106 71.28156280517578 867.9739990234375
595.9385085669091 70.94149017333984 866.3521728515625
596.2621331480077 69.84050750732422 864.7667846679688
596.5857577291063 70.75157928466797 863.9172973632812
596.9093823102048 70.08319854736328 863.4452514648438
597.2330068913034 70.7889175415039 862.8779907226562
597.5566314724019 70.4700698852539 862.2884521484375
597.8802560535005 70.669189453125 861.8040161132812
598.203880634599 69.35971069335938 858.8147583007812
598.5275052156976 69.19181060791016 857.3057250976562
598.8511297967962 68.98755645751953 856.6001586914062
599.1747543778947 69.33721923828125 855.1759643554688
599.4983789589933 68.86444091796875 852.2857055664062
599.8220035400918 68.94208526611328 852.716796875
600.1456281211904 69.75122833251953 850.955810546875
600.4692527022889 68.463134765625 850.4531860351562
600.7928772833875 67.78491973876953 849.988037109375
601.116501864486 68.66873931884766 849.6937866210938
601.4401264455846 68.61579132080078 849.6224365234375
601.7637510266832 68.6521987915039 847.342041015625
602.0873756077817 68.79315185546875 845.6763305664062
602.4110001888803 68.88790130615234 845.0390625
602.7346247699788 68.70616912841797 844.3480834960938
603.0582493510774 69.0253677368164 843.4092407226562
603.381873932176 69.62552642822266 842.3866577148438
603.7054985132745 68.68128967285156 842.9842529296875
604.0291230943731 68.46074676513672 843.1468505859375
604.3527476754716 68.3446273803711 843.1791381835938
604.6763722565702 69.43065643310547 844.3262939453125
604.9999968376687 70.09963989257812 843.749267578125
605.3236214187673 69.37096405029297 840.6407470703125
605.6472459998658 68.91221618652344 837.189697265625
605.9708705809644 67.8628158569336 832.6209106445312
606.294495162063 67.8479232788086 831.143798828125
606.6181197431615 67.8647689819336 829.9244384765625
606.9417443242601 67.68278503417969 829.204345703125
607.2653689053586 67.82072448730469 827.9246215820312
607.5889934864572 67.88422393798828 826.813720703125
607.9126180675557 67.98486328125 824.4132080078125
608.2362426486543 67.4859848022461 823.4489135742188
608.5598672297529 68.0006332397461 822.66943359375
608.8834918108514 68.10449981689453 820.9519653320312
609.20711639195 68.74311828613281 818.576416015625
609.5307409730485 67.47689056396484 817.7762451171875
609.8543655541471 67.54026794433594 815.6044311523438
610.1779901352456 67.31848907470703 814.7652587890625
610.5016147163442 66.48521423339844 813.4122924804688
610.8252392974427 66.72569274902344 810.8475952148438
611.1488638785413 66.43846130371094 809.4727783203125
611.4724884596399 66.58540344238281 809.2857666015625
611.7961130407384 66.64488983154297 807.9164428710938
612.119737621837 66.17058563232422 808.0692138671875
612.4433622029355 66.65658569335938 805.275390625
612.7669867840341 66.73504638671875 806.0492553710938
613.0906113651326 66.92047119140625 803.6489868164062
613.4142359462312 67.26565551757812 803.4431762695312
613.7378605273298 66.07337188720703 803.473388671875
614.0614851084283 66.95838928222656 802.3359985351562
614.3851096895269 66.80618286132812 800.6914672851562
614.7087342706254 66.70887756347656 799.4864501953125
615.032358851724 66.95661163330078 798.5191040039062
615.3559834328225 65.54093170166016 797.377685546875
615.6796080139211 64.72752380371094 795.7189331054688
616.0032325950197 64.96371459960938 792.102294921875
616.3268571761182 65.17313385009766 791.6257934570312
616.6504817572168 64.92556762695312 791.1763916015625
616.9741063383153 65.57109069824219 790.170166015625
617.2977309194139 65.54739379882812 789.073974609375
617.6213555005124 65.51763916015625 787.7847900390625
617.944980081611 64.86640930175781 786.1594848632812
618.2686046627095 64.5645751953125 784.4537353515625
618.5922292438081 65.01343536376953 783.3663330078125
618.9158538249067 63.995201110839844 780.698486328125
619.2394784060052 63.36772155761719 781.1045532226562
619.5631029871038 63.96039962768555 780.5409545898438
619.8867275682023 64.4984130859375 779.1766967773438
620.2103521493009 64.9006118774414 778.9341430664062
620.5339767303994 64.48466491699219 777.0006103515625
620.857601311498 64.45497131347656 776.206298828125
621.1812258925966 64.62167358398438 775.3164672851562
621.5048504736951 65.04998016357422 774.3031616210938
621.8284750547937 64.99040985107422 774.7116088867188
622.1520996358922 65.1087875366211 772.3211669921875
622.4757242169908 64.28221893310547 771.5121459960938
622.7993487980893 64.2640151977539 770.18896484375
623.1229733791879 65.15052032470703 769.8082885742188
623.4465979602865 64.41512298583984 768.267822265625
623.770222541385 63.418601989746094 767.8494873046875
624.0938471224836 63.029083251953125 766.300048828125
624.4174717035821 63.69078063964844 763.9345703125
624.7410962846807 62.970462799072266 762.87939453125
625.0647208657792 63.517982482910156 762.3326416015625
625.3883454468778 63.46672439575195 760.1535034179688
625.7119700279763 63.59033966064453 759.48779296875
626.0355946090749 63.088985443115234 759.2456665039062
626.3592191901735 62.60067367553711 758.6944580078125
626.682843771272 63.129947662353516 757.1087646484375
627.0064683523706 62.54480743408203 754.4293823242188
627.3300929334691 62.30351638793945 754.1782836914062
627.6537175145677 62.808231353759766 752.6282958984375
627.9773420956662 62.457908630371094 752.982177734375
628.3009666767648 63.02827835083008 750.6416625976562
628.6245912578634 63.119815826416016 749.8229370117188
628.9482158389619 62.535919189453125 749.1566162109375
629.2718404200605 62.41253662109375 749.2424926757812
629.595465001159 62.28898239135742 747.9906005859375
629.9190895822576 62.28754806518555 746.3486938476562
630.2427141633561 62.67670440673828 746.2887573242188
630.5663387444547 62.98820495605469 744.1320190429688
630.8899633255533 64.04339599609375 742.9730834960938
631.2135879066518 62.744754791259766 742.4563598632812
631.5372124877504 63.335330963134766 741.1528930664062
631.8608370688489 62.338130950927734 738.9598388671875
632.1844616499475 63.0633659362793 739.1123657226562
632.508086231046 62.926795959472656 737.6542358398438
632.8317108121446 63.04767990112305 736.1417236328125
633.1553353932431 62.82844924926758 735.4114379882812
633.4789599743417 61.6788444519043 735.2012939453125
633.8025845554403 62.60424041748047 733.6385498046875
634.1262091365388 62.10274887084961 729.1209716796875
634.4498337176374 61.176002502441406 728.140625
634.7734582987359 61.424034118652344 727.8789672851562
635.0970828798345 61.570594787597656 727.7133178710938
635.420707460933 61.92094421386719 726.8797607421875
635.7443320420316 62.206275939941406 725.8150634765625
636.0679566231302 62.07933044433594 723.1900634765625
636.3915812042287 62.31459045410156 722.7830200195312
636.7152057853273 62.02583694458008 721.5703735351562
637.0388303664258 62.0067253112793 721.0014038085938
637.3624549475244 61.56963348388672 719.6683349609375
637.6860795286229 61.3441162109375 721.4285888671875
638.0097041097215 61.3553466796875 721.6708374023438
638.33332869082 61.57832336425781 721.2495727539062
638.6569532719186 61.93257141113281 720.1907348632812
638.9805778530172 61.970943450927734 718.4334106445312
639.3042024341157 62.3803596496582 717.3423461914062
639.6278270152143 61.7970085144043 716.1505737304688
639.9514515963128 62.22670364379883 714.2545166015625
640.2750761774114 62.60444641113281 714.6356201171875
640.59870075851 61.924781799316406 714.3960571289062
640.9223253396085 61.8425178527832 712.221923828125
641.2459499207071 61.05779266357422 710.5940551757812
641.5695745018056 60.543155670166016 709.5125122070312
641.8931990829042 60.29792404174805 707.71142578125
642.2168236640027 60.5890998840332 707.155029296875
642.5404482451013 60.692237854003906 706.3643188476562
642.8640728261998 61.730796813964844 705.8359375
643.1876974072984 60.833984375 705.2966918945312
643.511321988397 60.319732666015625 705.0374755859375
643.8349465694955 60.783077239990234 703.52490234375
644.1585711505941 60.56122970581055 702.6768188476562
644.4821957316926 60.933170318603516 702.311279296875
644.8058203127912 60.777713775634766 701.073974609375
645.1294448938897 60.593875885009766 700.1282958984375
645.4530694749883 60.93608474731445 698.1031494140625
645.7766940560869 60.42300033569336 697.1154174804688
646.1003186371854 60.321922302246094 696.0477294921875
646.423943218284 61.02753448486328 695.75244140625
646.7475677993825 60.28636169433594 694.8046264648438
647.0711923804811 60.2044563293457 692.7460327148438
647.3948169615796 59.310768127441406 692.3927001953125
647.7184415426782 59.883888244628906 691.4713134765625
648.0420661237767 59.404563903808594 691.0130004882812
648.3656907048753 59.714210510253906 690.442626953125
648.6893152859739 59.69290542602539 689.6782836914062
649.0129398670724 62.27370071411133 689.0324096679688
649.336564448171 59.518524169921875 687.8680419921875
649.6601890292695 58.911800384521484 686.4938354492188
649.9838136103681 59.67366027832031 685.0105590820312
650.3074381914666 60.075950622558594 684.0427856445312
650.6310627725652 59.14730453491211 684.04541015625
650.9546873536638 59.78643035888672 683.3919067382812
651.2783119347623 59.8435173034668 681.4508056640625
651.6019365158609 59.299049377441406 681.037353515625
651.9255610969594 58.6377067565918 680.11669921875
652.249185678058 58.88147735595703 679.2853393554688
652.5728102591565 59.35026931762695 678.486083984375
652.8964348402551 60.40800476074219 678.8319091796875
653.2200594213537 60.023948669433594 679.0910034179688
653.5436840024522 60.08197021484375 679.3910522460938
653.8673085835508 59.46690368652344 679.2269287109375
654.1909331646493 59.00560760498047 677.7340087890625
654.5145577457479 58.65092468261719 674.8703002929688
654.8381823268464 58.56629180908203 672.8374633789062
655.161806907945 59.33441925048828 672.2416381835938
655.4854314890435 58.60240936279297 671.094970703125
655.8090560701421 58.59805679321289 670.9892578125
656.1326806512407 58.26228332519531 670.0468139648438
656.4563052323392 58.72262191772461 669.7133178710938
656.7799298134378 59.818565368652344 671.0964965820312
657.1035543945363 59.66441345214844 671.6070556640625
657.4271789756349 59.28091812133789 672.5887451171875
657.7508035567334 59.12282943725586 671.7238159179688
658.074428137832 59.51034164428711 670.9453125
658.3980527189306 60.400001525878906 668.9456176757812
658.7216773000291 59.51649475097656 665.654052734375
659.0453018811277 58.817264556884766 663.9277954101562
659.3689264622262 58.87016296386719 660.3960571289062
659.6925510433248 58.8433837890625 660.0905151367188
660.0161756244233 58.801368713378906 658.3167114257812
660.3398002055219 58.688514709472656 657.1207885742188
660.6634247866205 57.84257125854492 656.8494873046875
660.987049367719 57.83686065673828 655.8898315429688
661.3106739488176 57.67634963989258 654.8829345703125
661.6342985299161 58.023765563964844 653.7486572265625
661.9579231110147 58.177120208740234 652.3651733398438
662.2815476921132 57.94745635986328 651.9703369140625
662.6051722732118 58.5306282043457 651.4422607421875
662.9287968543103 57.79069519042969 649.5534057617188
663.2524214354089 57.77870178222656 648.521728515625
663.5760460165075 58.23133087158203 648.871826171875
663.899670597606 58.23884963989258 647.9172973632812
664.2232951787046 57.2682991027832 646.42578125
664.5469197598031 57.249629974365234 646.5285034179688
664.8705443409017 56.80553436279297 645.6956787109375
665.1941689220002 56.865997314453125 644.2034912109375
665.5177935030988 56.33937072753906 643.2124633789062
665.8414180841974 57.41480255126953 642.416015625
666.1650426652959 57.88956832885742 641.5844116210938
666.4886672463945 58.27757263183594 640.4278564453125
666.812291827493 57.588958740234375 640.4063720703125
667.1359164085916 57.495941162109375 638.5342407226562
667.4595409896901 56.556236267089844 636.718017578125
667.7831655707887 56.65046310424805 635.5580444335938
668.1067901518873 56.767574310302734 634.8406982421875
668.4304147329858 56.8051872253418 634.0316162109375
668.7540393140844 55.20121765136719 633.8380126953125
669.0776638951829 56.2203254699707 634.7763671875
669.4012884762815 56.99215316772461 634.8654174804688
669.72491305738 56.74790573120117 635.105712890625
670.0485376384786 56.656246185302734 636.029052734375
670.3721622195771 57.96724319458008 636.5181274414062
670.6957868006757 57.508663177490234 637.090087890625
671.0194113817743 57.53388214111328 638.6847534179688
671.3430359628728 57.004886627197266 638.5955810546875
671.6666605439714 57.47972106933594 638.0982666015625
671.9902851250699 58.078765869140625 639.3201293945312
672.3139097061685 57.615760803222656 639.4478759765625
672.637534287267 58.24144744873047 637.6901245117188
672.9611588683656 57.91566848754883 636.2840576171875
673.2847834494642 57.74680709838867 635.3917236328125
673.6084080305627 57.41703414916992 634.2889404296875
673.9320326116613 57.402496337890625 633.311279296875
674.2556571927598 57.218360900878906 630.683837890625
674.5792817738584 57.016902923583984 629.1116333007812
674.9029063549569 56.2008171081543 626.5997314453125
675.2265309360555 56.571842193603516 625.5300903320312
675.550155517154 55.784423828125 624.6112060546875
675.8737800982526 56.20500183105469 623.9097900390625
676.1974046793512 55.83274459838867 622.52392578125
676.5210292604497 55.67266082763672 621.6346435546875
676.8446538415483 55.72852325439453 619.6590576171875
677.1682784226468 55.35877227783203 618.1500854492188
677.4919030037454 54.850101470947266 617.6678466796875
677.815527584844 55.346458435058594 617.9100952148438
678.1391521659425 55.8338508605957 617.8040161132812
678.4627767470411 55.55101776123047 617.0585327148438
678.7864013281396 55.76154327392578 615.7625732421875
679.1100259092382 55.653743743896484 614.5439453125
679.4336504903367 55.59221649169922 615.0029907226562
679.7572750714353 56.06025314331055 613.8391723632812
680.0808996525338 55.97158432006836 613.6889038085938
680.4045242336324 56.44259262084961 613.0136108398438
680.728148814731 56.45380783081055 611.6083984375
681.0517733958295 56.00248336791992 609.7736206054688
681.3753979769281 55.74445343017578 610.0639038085938
681.6990225580266 55.78516387939453 608.3532104492188
682.0226471391252 55.097633361816406 607.408203125
682.3462717202237 55.18292236328125 605.9530639648438
682.6698963013223 54.93715286254883 604.1148681640625
682.9935208824209 54.72710418701172 603.4998168945312
683.3171454635194 54.867149353027344 601.9306030273438
683.640770044618 54.321998596191406 600.6990356445312
683.9643946257165 55.11385726928711 600.1229858398438
684.2880192068151 54.82377624511719 599.3939208984375
684.6116437879136 54.2269172668457 596.783203125
684.9352683690122 53.44772720336914 595.2432250976562
685.2588929501107 54.056060791015625 595.6730346679688
685.5825175312093 54.69212341308594 596.204833984375
685.9061421123079 53.641082763671875 596.5496215820312
686.2297666934064 54.0459098815918 595.4563598632812
686.553391274505 54.23126983642578 595.0079956054688
686.8770158556035 54.0577507019043 593.6520385742188
687.2006404367021 54.516151428222656 592.6712036132812
687.5242650178006 54.121517181396484 591.8004760742188
687.8478895988992 53.492652893066406 590.7305908203125
688.1715141799978 53.51054763793945 589.4454345703125
688.4951387610963 53.688072204589844 588.7767333984375
688.8187633421949 53.598365783691406 588.3733520507812
689.1423879232934 54.00672912597656 587.774658203125
689.466012504392 53.91889953613281 586.448974609375
689.7896370854905 54.1474494934082 586.0426025390625
690.1132616665891 54.08038330078125 585.2039184570312
690.4368862476877 53.23590850830078 584.9444580078125
690.7605108287862 53.36820602416992 583.90087890625
691.0841354098848 52.821678161621094 582.8571166992188
691.4077599909833 53.37977981567383 580.797119140625
691.7313845720819 52.749900817871094 580.4970092773438
692.0550091531804 52.80094528198242 580.3917236328125
692.378633734279 53.125938415527344 579.9672241210938
692.7022583153775 52.77018737792969 579.3870239257812
693.0258828964761 52.6932487487793 579.328857421875
693.3495074775747 52.76504135131836 578.4788208007812
693.6731320586732 53.88689041137695 578.1156616210938
693.9967566397718 53.33815383911133 576.9885864257812
694.3203812208703 53.122711181640625 576.7432861328125
694.6440058019689 53.36371994018555 576.22412109375
694.9676303830674 52.810386657714844 575.226806640625
695.291254964166 53.03681182861328 574.9699096679688
695.6148795452646 52.28242111206055 574.293212890625
695.9385041263631 52.46723937988281 572.627197265625
696.2621287074617 53.11468505859375 571.3500366210938
696.5857532885602 52.17390441894531 569.9697265625
696.9093778696588 52.82151794433594 571.0584106445312
697.2330024507573 52.34574508666992 570.6679077148438
697.5566270318559 52.703800201416016 569.6310424804688
697.8802516129545 53.201412200927734 569.4391479492188
698.203876194053 52.693809509277344 568.2247924804688
698.5275007751516 52.89860916137695 568.2278442382812
698.8511253562501 52.92051696777344 567.1030883789062
699.1747499373487 53.23706817626953 565.0257568359375
699.4983745184472 52.32479476928711 565.09130859375
699.8219990995458 52.92638397216797 564.1532592773438
700.1456236806443 53.044986724853516 564.37158203125
700.4692482617429 51.93568420410156 563.3678588867188
700.7928728428415 53.047237396240234 562.5523071289062
701.11649742394 52.586483001708984 562.5742797851562
701.4401220050386 52.45100784301758 563.2141723632812
701.7637465861371 51.25431442260742 561.7827758789062
702.0873711672357 51.82193374633789 561.40869140625
702.4109957483342 52.19105911254883 560.1494140625
702.7346203294328 51.5472526550293 558.7800903320312
703.0582449105314 51.99656295776367 557.6461181640625
703.3818694916299 52.49469757080078 557.4383544921875
703.7054940727285 52.56280517578125 555.7378540039062
704.029118653827 51.978729248046875 555.9476928710938
704.3527432349256 52.314430236816406 554.6980590820312
704.6763678160241 51.87026596069336 552.5730590820312
704.9999923971227 52.08417892456055 550.9844970703125
705.3236169782213 51.97439956665039 551.4089965820312
705.6472415593198 51.44878387451172 551.6695556640625
705.9708661404184 51.42929458618164 550.86181640625
706.2944907215169 51.36491394042969 550.6057739257812
706.6181153026155 51.5756721496582 549.106689453125
706.941739883714 51.68977737426758 547.6900634765625
707.2653644648126 52.214508056640625 545.7999267578125
707.5889890459111 52.22700119018555 546.193359375
707.9126136270097 51.73216247558594 545.4970703125
708.2362382081083 51.692264556884766 546.4703369140625
708.5598627892068 51.58483123779297 544.7293701171875
708.8834873703054 51.06876754760742 544.5828247070312
709.2071119514039 51.468318939208984 544.598388671875
709.5307365325025 51.50114822387695 543.1785278320312
709.854361113601 50.69325256347656 542.9832763671875
710.1779856946996 51.100467681884766 541.9148559570312
710.5016102757982 50.919857025146484 540.82958984375
710.8252348568967 50.29220962524414 539.1555786132812
711.1488594379953 50.6260871887207 537.71826171875
711.4724840190938 49.92440414428711 536.80078125
711.7961086001924 50.176170349121094 536.2739868164062
712.1197331812909 49.88346862792969 535.9315795898438
712.4433577623895 50.97487258911133 534.8851928710938
712.766982343488 50.820308685302734 533.6707153320312
713.0906069245866 50.41415023803711 533.0486450195312
713.4142315056852 50.63895034790039 532.6522827148438
713.7378560867837 50.97391128540039 531.3974609375
714.0614806678823 50.869441986083984 530.7291259765625
714.3851052489808 50.602760314941406 530.6295166015625
714.7087298300794 50.74646759033203 530.1409912109375
715.032354411178 49.87769317626953 529.4493408203125
715.3559789922765 49.92300796508789 528.8450317382812
715.6796035733751 50.03925323486328 528.17724609375
716.0032281544736 50.012855529785156 527.2596435546875
716.3268527355722 50.555511474609375 527.1738891601562
716.6504773166707 50.20478820800781 526.6421508789062
716.9741018977693 49.94709777832031 525.6432495117188
717.2977264788678 49.729087829589844 525.5843505859375
717.6213510599664 49.33364486694336 525.5616455078125
717.944975641065 50.07142639160156 525.6084594726562
718.2686002221635 50.05972671508789 525.0797729492188
718.5922248032621 49.34528732299805 524.60791015625
718.9158493843606 49.58305358886719 523.4190063476562
719.2394739654592 49.38651657104492 522.9249267578125
719.5630985465577 49.36051559448242 522.23291015625
719.8867231276563 49.361610412597656 522.1477661132812
720.2103477087549 49.257266998291016 521.8087768554688
720.5339722898534 49.02878189086914 521.219970703125
720.857596870952 49.343318939208984 520.8275146484375
721.1812214520505 49.43153762817383 520.1248779296875
721.5048460331491 49.253868103027344 518.8129272460938
721.8284706142476 49.374202728271484 518.1006469726562
722.1520951953462 49.37786865234375 517.4230346679688
722.4757197764447 48.98032760620117 516.0857543945312
722.7993443575433 49.2320556640625 515.6218872070312
723.1229689386419 48.7192268371582 515.6170654296875
723.4465935197404 48.54899215698242 515.2645263671875
723.770218100839 49.032493591308594 514.9021606445312
724.0938426819375 48.919090270996094 513.9340209960938
724.4174672630361 49.384056091308594 513.5015258789062
724.7410918441346 49.36907196044922 512.10888671875
725.0647164252332 48.75972366333008 510.7152404785156
725.3883410063318 48.60459518432617 510.18743896484375
725.7119655874303 48.51734924316406 509.3421630859375
726.0355901685289 48.59471130371094 509.4337463378906
726.3592147496274 48.04737854003906 507.7995910644531
726.682839330726 48.62734603881836 506.87646484375
727.0064639118245 48.90772247314453 506.012939453125
727.3300884929231 48.335567474365234 506.352783203125
727.6537130740217 48.57231521606445 505.64306640625
727.9773376551202 48.1419792175293 504.67523193359375
728.3009622362188 48.58454132080078 505.1211853027344
728.6245868173173 49.11888885498047 504.6448974609375
728.9482113984159 49.19287109375 503.9268493652344
729.2718359795144 48.926963806152344 504.1032409667969
729.595460560613 48.387447357177734 504.4129638671875
729.9190851417115 48.0640754699707 503.31787109375
730.2427097228101 48.338504791259766 502.7942810058594
730.5663343039087 48.4185791015625 501.32177734375
730.8899588850072 49.03638458251953 500.5013122558594
731.2135834661058 48.232444763183594 500.2890930175781
731.5372080472043 48.58726501464844 499.900634765625
731.8608326283029 49.01273727416992 499.70269775390625
732.1844572094014 49.010921478271484 499.3329772949219
732.5080817905 47.973388671875 498.3767395019531
732.8317063715986 47.67969512939453 496.9224853515625
733.1553309526971 47.41523361206055 496.7418212890625
733.4789555337957 48.0587158203125 494.7171936035156
733.8025801148942 48.034244537353516 493.54986572265625
734.1262046959928 47.50434112548828 493.08807373046875
734.4498292770913 47.67154312133789 491.2431945800781
734.7734538581899 47.96051025390625 490.7161560058594
735.0970784392885 48.03433609008789 490.1642761230469
735.420703020387 47.2674446105957 488.7471923828125
735.7443276014856 47.28917694091797 488.9604797363281
736.0679521825841 47.174400329589844 487.25494384765625
736.3915767636827 47.398651123046875 485.8096618652344
736.7152013447812 47.42246627807617 485.3845520019531
737.0388259258798 47.56144332885742 484.5979919433594
737.3624505069783 48.02288055419922 483.7959899902344
737.6860750880769 47.425621032714844 482.9627380371094
738.0096996691755 47.47841262817383 482.81280517578125
738.333324250274 47.768402099609375 482.08294677734375
738.6569488313726 46.7835807800293 482.4806213378906
738.9805734124711 46.961421966552734 482.080322265625
739.3041979935697 46.4183235168457 480.4950866699219
739.6278225746682 46.75127029418945 479.2209167480469
739.9514471557668 46.387847900390625 478.6856384277344
740.2750717368654 46.66962814331055 478.35479736328125
740.5986963179639 46.048648834228516 478.5741882324219
740.9223208990625 46.1473388671875 478.20269775390625
741.245945480161 45.907920837402344 476.7840576171875
741.5695700612596 47.07143020629883 476.346923828125
741.8931946423581 47.210445404052734 474.95098876953125
742.2168192234567 47.53797149658203 474.7173156738281
742.5404438045553 46.194488525390625 473.0495300292969
742.8640683856538 46.43347930908203 471.97174072265625
743.1876929667524 46.02190017700195 471.15875244140625
743.5113175478509 47.081050872802734 470.6588134765625
743.8349421289495 46.2719612121582 470.3558654785156
744.158566710048 46.310142517089844 469.27728271484375
744.4821912911466 46.41001510620117 469.1648864746094
744.8058158722451 46.60708236694336 468.2736511230469
745.1294404533437 45.720821380615234 467.88177490234375
745.4530650344423 45.768367767333984 466.8286437988281
745.7766896155408 46.10108184814453 466.233154296875
746.1003141966394 45.99850845336914 466.1426696777344
746.4239387777379 46.341922760009766 465.71270751953125
746.7475633588365 46.372642517089844 465.43023681640625
747.071187939935 46.13410949707031 464.7249755859375
747.3948125210336 46.11431884765625 464.32000732421875
747.7184371021322 45.87356948852539 463.3636169433594
748.0420616832307 45.935176849365234 462.4025573730469
748.3656862643293 45.73869705200195 460.81781005859375
748.6893108454278 45.02279281616211 461.0867614746094
749.0129354265264 46.10740661621094 460.7849426269531
749.3365600076249 45.384246826171875 459.8919982910156
749.6601845887235 46.279876708984375 459.3888854980469
749.983809169822 45.86473846435547 458.8788757324219
750.3074337509206 46.13650131225586 457.56170654296875
750.6310583320192 45.59938430786133 456.69488525390625
750.9546829131177 45.143157958984375 455.6076354980469
751.2783074942163 45.244083404541016 454.64630126953125
751.6019320753148 44.88315200805664 453.79681396484375
751.9255566564134 44.85457229614258 453.1551513671875
752.249181237512 45.75066375732422 452.96624755859375
752.5728058186105 45.16434860229492 451.6518859863281
752.8964303997091 45.6998405456543 451.4111022949219
753.2200549808076 44.789512634277344 450.1961364746094
753.5436795619062 45.23153305053711 450.89947509765625
753.8673041430047 44.90951919555664 449.6016540527344
754.1909287241033 44.90127944946289 448.4606628417969
754.5145533052018 44.19853210449219 448.642578125
754.8381778863004 44.75264358520508 447.9511413574219
755.161802467399 44.99424362182617 447.47918701171875
755.4854270484975 45.13621139526367 445.8213195800781
755.8090516295961 45.07872772216797 445.0166320800781
756.1326762106946 44.788169860839844 444.3455505371094
756.4563007917932 45.008365631103516 443.3201904296875
756.7799253728917 45.11920166015625 443.40277099609375
757.1035499539903 44.43455123901367 442.87115478515625
757.4271745350889 45.10713195800781 443.4683837890625
757.7507991161874 44.303955078125 442.55023193359375
758.074423697286 44.88669967651367 441.5142822265625
758.3980482783845 44.6506462097168 441.44610595703125
758.7216728594831 44.105796813964844 439.1842346191406
759.0452974405816 44.39973449707031 438.74560546875
759.3689220216802 44.769500732421875 438.3096008300781
759.6925466027787 44.48137283325195 438.2453308105469
760.0161711838773 44.26633071899414 436.6840515136719
760.3397957649759 44.042903900146484 435.5531311035156
760.6634203460744 43.6674919128418 434.7881774902344
760.987044927173 44.01203918457031 434.18634033203125
761.3106695082715 44.082435607910156 434.2734069824219
761.6342940893701 43.736629486083984 432.8045654296875
761.9579186704686 43.82596969604492 432.6622619628906
762.2815432515672 43.76258087158203 431.8965759277344
762.6051678326658 43.81499099731445 431.1433410644531
762.9287924137643 43.742164611816406 430.8240661621094
763.2524169948629 43.94646072387695 430.9566650390625
763.5760415759614 44.30351638793945 429.133056640625
763.89966615706 44.093017578125 428.7727355957031
764.2232907381585 43.55241394042969 427.877197265625
764.5469153192571 43.52162170410156 427.6398620605469
764.8705399003557 42.9654655456543 426.4910583496094
765.1941644814542 42.7825927734375 424.8122253417969
765.5177890625528 43.538761138916016 424.9088439941406
765.8414136436513 42.97639465332031 424.5107421875
766.1650382247499 43.27687454223633 424.518310546875
766.4886628058484 43.354618072509766 423.96295166015625
766.812287386947 42.91741943359375 423.4366455078125
767.1359119680455 42.88275909423828 422.9337463378906
767.4595365491441 42.70712661743164 422.8371276855469
767.7831611302427 42.91154479980469 422.27978515625
768.1067857113412 43.354557037353516 421.7961730957031
768.4304102924398 43.536991119384766 420.06219482421875
768.7540348735383 43.23857498168945 419.616943359375
769.0776594546369 42.58001708984375 418.2536315917969
769.4012840357354 43.181610107421875 417.8775634765625
769.724908616834 42.95921325683594 418.00299072265625
770.0485331979326 43.682518005371094 417.4189147949219
770.3721577790311 43.48671340942383 416.9417419433594
770.6957823601297 43.234832763671875 415.9284973144531
771.0194069412282 42.58021545410156 415.7069396972656
771.3430315223268 42.92881393432617 415.860595703125
771.6666561034253 42.58599090576172 414.8164978027344
771.9902806845239 42.72748565673828 413.8514404296875
772.3139052656225 42.50933837890625 413.2262268066406
772.637529846721 42.46381378173828 413.3894958496094
772.9611544278196 42.32426452636719 412.516357421875
773.2847790089181 42.29460525512695 412.01898193359375
773.6084035900167 42.36689758300781 410.207275390625
773.9320281711152 42.60560607910156 410.29571533203125
774.2556527522138 41.99726486206055 408.48321533203125
774.5792773333123 42.40596008300781 408.5274658203125
774.9029019144109 42.01795196533203 407.8478698730469
775.2265264955095 41.6784782409668 407.369140625
775.550151076608 42.59130859375 407.47406005859375
775.8737756577066 42.25945281982422 407.0510559082031
776.1974002388051 42.024837493896484 406.1206970214844
776.5210248199037 41.93695831298828 406.73394775390625
776.8446494010022 41.994571685791016 405.77618408203125
777.1682739821008 41.98573303222656 405.4677734375
777.4918985631994 41.95773696899414 404.35797119140625
777.8155231442979 42.20479965209961 403.9389953613281
778.1391477253965 41.86094665527344 403.2436828613281
778.462772306495 41.78622817993164 402.7529602050781
778.7863968875936 42.29757308959961 402.1122741699219
779.1100214686921 41.59054946899414 401.5625305175781
779.4336460497907 42.357322692871094 401.5718994140625
779.7572706308893 41.547630310058594 400.1084289550781
780.0808952119878 41.717613220214844 399.34857177734375
780.4045197930864 41.65478515625 398.0757751464844
780.7281443741849 41.547080993652344 396.82373046875
781.0517689552835 41.35502243041992 396.6025085449219
781.375393536382 41.89501190185547 396.2329406738281
781.6990181174806 41.759796142578125 395.3384094238281
782.0226426985791 41.47238540649414 394.47833251953125
782.3462672796777 41.67313766479492 394.4185791015625
782.6698918607763 41.455360412597656 394.34576416015625
782.9935164418748 41.65955352783203 394.0276184082031
783.3171410229734 41.58203125 393.02276611328125
783.6407656040719 41.82792663574219 392.59124755859375
783.9643901851705 41.57910919189453 391.5321044921875
784.288014766269 41.26069259643555 390.7689514160156
784.6116393473676 41.110145568847656 389.9064636230469
784.9352639284662 40.80699920654297 389.2516784667969
785.2588885095647 40.76382064819336 389.0748596191406
785.5825130906633 40.942047119140625 388.1287536621094
785.9061376717618 41.06153869628906 387.7907409667969
786.2297622528604 40.6508903503418 386.92376708984375
786.5533868339589 40.899818420410156 386.2787170410156
786.8770114150575 41.57494354248047 385.98883056640625
787.200635996156 40.89759826660156 385.6552429199219
787.5242605772546 41.05603790283203 385.26739501953125
787.8478851583532 40.567874908447266 384.78192138671875
788.1715097394517 40.20339584350586 384.4756164550781
788.4951343205503 40.45631408691406 383.81866455078125
788.8187589016488 40.0048828125 382.9075012207031
789.1423834827474 40.846336364746094 383.04107666015625
789.466008063846 40.28561782836914 382.25921630859375
789.7896326449445 40.449459075927734 381.8076477050781
790.1132572260431 40.64780044555664 382.2637023925781
790.4368818071416 41.06932067871094 381.3511962890625
790.7605063882402 40.05564880371094 380.95538330078125
791.0841309693387 40.38535690307617 380.2906494140625
791.4077555504373 40.53272247314453 379.6349792480469
791.7313801315358 40.59579086303711 379.4210510253906
792.0550047126344 40.693328857421875 378.6356201171875
792.378629293733 39.74325180053711 378.1935729980469
792.7022538748315 40.0098876953125 376.7793273925781
793.0258784559301 40.40190124511719 376.58062744140625
793.3495030370286 40.32480239868164 375.5304260253906
793.6731276181272 40.600433349609375 375.27874755859375
793.9967521992257 40.322669982910156 374.45184326171875
794.3203767803243 39.98490905761719 374.12042236328125
794.6440013614229 40.05321502685547 373.8863220214844
794.9676259425214 40.42585372924805 373.54498291015625
795.29125052362 40.56382369995117 373.4248352050781
795.6148751047185 40.114830017089844 372.8667907714844
795.9384996858171 40.08477020263672 372.2485046386719
796.2621242669156 40.138267517089844 371.5980529785156
796.5857488480142 39.6816291809082 370.4438171386719
796.9093734291127 39.7059326171875 370.3141784667969
797.2329980102113 39.76297378540039 369.97882080078125
797.5566225913099 39.88224792480469 369.16009521484375
797.8802471724084 39.99028396606445 368.650390625
798.203871753507 40.01456832885742 368.36468505859375
798.5274963346055 40.34886169433594 367.07232666015625
798.8511209157041 40.63270568847656 366.35211181640625
799.1747454968026 39.651424407958984 365.9891662597656
799.4983700779012 39.45343017578125 365.9252014160156
799.8219946589998 39.70226287841797 366.0018005371094
800.1456192400983 39.660221099853516 366.29364013671875
800.4692438211969 39.93155288696289 366.12091064453125
800.7928684022954 39.83732604980469 365.41876220703125
801.116492983394 39.69525146484375 364.4637756347656
801.4401175644925 39.09025192260742 363.34747314453125
801.7637421455911 39.24160385131836 363.2109680175781
802.0873667266897 39.4365348815918 362.9474792480469
802.4109913077882 39.35002899169922 362.41558837890625
802.7346158888868 39.8507194519043 362.6972351074219
803.0582404699853 39.1696662902832 362.1557312011719
803.3818650510839 39.17888259887695 361.5292053222656
803.7054896321824 39.99045181274414 360.79766845703125
804.029114213281 39.63274383544922 360.04010009765625
804.3527387943795 39.71188735961914 359.1639099121094
804.6763633754781 39.220130920410156 359.0062255859375
804.9999879565767 39.147335052490234 359.1090393066406
805.3236125376752 38.96839904785156 358.3442077636719
805.6472371187738 39.08707046508789 358.6005554199219
805.9708616998723 39.296756744384766 357.8406066894531
806.2944862809709 39.37962341308594 357.6828308105469
806.6181108620694 39.450435638427734 356.68609619140625
806.941735443168 39.45687484741211 356.2557067871094
807.2653600242666 39.34587478637695 355.4616394042969
807.5889846053651 39.538028717041016 354.87384033203125
807.9126091864637 39.61713409423828 354.8339538574219
808.2362337675622 39.19952392578125 354.0037841796875
808.5598583486608 38.879249572753906 352.46893310546875
808.8834829297593 39.23759841918945 353.7204284667969
809.2071075108579 39.48422622680664 352.94354248046875
809.5307320919565 39.92029571533203 353.28033447265625
809.854356673055 39.713165283203125 352.6468811035156
810.1779812541536 39.898624420166016 352.23162841796875
810.5016058352521 39.61304473876953 351.0739440917969
810.8252304163507 40.13435363769531 351.3545837402344
811.1488549974492 39.421329498291016 351.02093505859375
811.4724795785478 39.92936706542969 351.8924560546875
811.7961041596463 40.623661041259766 351.49737548828125
812.1197287407449 40.9937744140625 352.1940612792969
812.4433533218435 41.84613800048828 352.7161560058594
812.766977902942 42.64291000366211 353.7541198730469
813.0906024840406 42.925636291503906 355.4817810058594
813.4142270651391 44.49777603149414 356.3977966308594
813.7378516462377 46.354000091552734 358.0804443359375
814.0614762273362 48.657501220703125 359.8451843261719
814.3851008084348 51.65526580810547 362.7464599609375
814.7087253895334 56.96061325073242 367.6317443847656
815.0323499706319 65.02135467529297 374.3138732910156
815.3559745517305 77.27098083496094 384.5804443359375
815.679599132829 96.98823547363281 400.17962646484375
816.0032237139276 125.78204345703125 423.0514221191406
816.3268482950261 165.2270050048828 453.51934814453125
816.6504728761247 218.27923583984375 493.55706787109375
816.9740974572233 282.7452392578125 541.5941772460938
817.2977220383218 354.3664245605469 595.1522827148438
817.6213466194204 419.7051086425781 643.7236938476562
817.9449712005189 472.72857666015625 683.8580322265625
818.2685957816175 504.8177795410156 708.986328125
818.592220362716 510.96234130859375 714.2487182617188
818.9158449438146 483.3493957519531 695.1942138671875
819.2394695249131 418.1423645019531 646.44677734375
819.5630941060117 330.4912109375 579.6604614257812
819.8867186871103 243.5565948486328 512.4332885742188
820.2103432682088 173.6697998046875 458.6985168457031
820.5339678493074 125.08214569091797 419.23394775390625
820.8575924304059 94.41603088378906 394.4161376953125
821.1812170115045 75.39134216308594 377.0638122558594
821.504841592603 64.50019836425781 366.6451110839844
821.8284661737016 57.95851516723633 359.98760986328125
822.1520907548002 53.73013687133789 355.38006591796875
822.4757153358987 51.412071228027344 351.9169921875
822.7993399169973 50.16481018066406 350.0578918457031
823.1229644980958 48.924964904785156 348.916748046875
823.4465890791944 47.61634826660156 347.2247009277344
823.7702136602929 47.211490631103516 345.6363830566406
824.0938382413915 46.61430740356445 344.89361572265625
824.41746282249 46.33977127075195 344.2898864746094
824.7410874035886 47.8313102722168 342.22381591796875
825.0647119846872 45.35483932495117 341.9570617675781
825.3883365657857 44.7969856262207 340.67425537109375
825.7119611468843 44.501991271972656 340.3817443847656
826.0355857279828 44.248958587646484 339.66357421875
826.3592103090814 44.188899993896484 338.8863220214844
826.68283489018 44.04467010498047 338.6741943359375
827.0064594712785 44.387081146240234 338.5543518066406
827.3300840523771 44.56666564941406 338.3777770996094
827.6537086334756 45.07706069946289 338.2478942871094
827.9773332145742 44.98649978637695 337.87847900390625
828.3009577956727 45.328651428222656 338.11181640625
828.6245823767713 46.26914596557617 338.2669372558594
828.9482069578698 47.12710189819336 339.0709533691406
829.2718315389684 47.027523040771484 339.43829345703125
829.595456120067 49.367252349853516 340.73980712890625
829.9190807011655 51.24415969848633 341.6917724609375
830.2427052822641 53.958778381347656 344.3312072753906
830.5663298633626 58.31455612182617 347.9920654296875
830.8899544444612 64.65023040771484 353.7504577636719
831.2135790255597 73.8299331665039 361.4484558105469
831.5372036066583 87.9561996459961 373.30084228515625
831.8608281877569 107.72883605957031 388.77301025390625
832.1844527688554 136.33309936523438 410.0271301269531
832.508077349954 174.29940795898438 439.82708740234375
832.8317019310525 224.4130096435547 478.2101745605469
833.1553265121511 284.83154296875 524.6065063476562
833.4789510932496 351.50732421875 576.6995239257812
833.8025756743482 419.3515625 630.0272216796875
834.1262002554467 480.0462341308594 678.894287109375
834.4498248365453 525.3327026367188 719.091552734375
834.7734494176439 549.4679565429688 745.94384765625
835.0970739987424 545.4655151367188 755.0975952148438
835.420698579841 509.8463134765625 742.4561767578125
835.7443231609395 446.4908447265625 711.469970703125
836.0679477420381 366.641357421875 669.0469360351562
836.3915723231366 285.6475524902344 624.5921020507812
836.7151969042352 215.75404357910156 589.248291015625
837.0388214853338 163.81646728515625 561.5651245117188
837.3624460664323 126.93780517578125 543.999267578125
837.6860706475309 102.05061340332031 527.3005981445312
838.0096952286294 88.95006561279297 512.508056640625
838.333319809728 80.8510971069336 497.3260192871094
838.6569443908265 77.25212097167969 482.8983459472656
838.9805689719251 76.54817962646484 467.92828369140625
839.3041935530237 76.64671325683594 455.5017395019531
839.6278181341222 77.75065612792969 443.593994140625
839.9514427152208 79.9653091430664 433.8260192871094
840.2750672963193 81.45632934570312 424.8128967285156
840.5986918774179 84.19490051269531 416.4373779296875
840.9223164585164 85.66655731201172 410.38836669921875
841.245941039615 87.1088638305664 405.4822692871094
841.5695656207135 88.98792266845703 400.2394714355469
841.8931902018121 90.51959228515625 396.86181640625
842.2168147829107 91.25098419189453 394.01806640625
842.5404393640092 92.06651306152344 392.5088806152344
842.8640639451078 92.47425842285156 390.0498046875
843.1876885262063 92.99678039550781 388.49530029296875
843.5113131073049 93.57141876220703 386.6667785644531
843.8349376884034 94.11905670166016 385.6680603027344
844.158562269502 94.3603286743164 384.05126953125
844.4821868506006 95.08007049560547 383.5990905761719
844.8058114316991 95.83751678466797 382.5559387207031
845.1294360127977 97.75020599365234 382.33642578125
845.4530605938962 98.24374389648438 382.3190002441406
845.7766851749948 98.81295013427734 381.8266296386719
846.1003097560933 100.59624481201172 381.8521728515625
846.4239343371919 101.28678131103516 382.018310546875
846.7475589182905 102.01533508300781 382.59088134765625
847.071183499389 102.29715728759766 382.3471374511719
847.3948080804876 104.34745025634766 383.3672790527344
847.7184326615861 104.52549743652344 383.7919921875
848.0420572426847 103.79694366455078 383.6316833496094
848.3656818237832 103.65547180175781 383.2222900390625
848.6893064048818 103.67922973632812 383.3569030761719
849.0129309859803 103.64012908935547 382.6737060546875
849.3365555670789 103.09014892578125 381.9790344238281
849.6601801481775 102.82042694091797 381.7249755859375
849.983804729276 101.73896026611328 381.7347717285156
850.3074293103746 100.68949890136719 380.9287109375
850.6310538914731 100.30742645263672 380.7442932128906
850.9546784725717 99.0444564819336 380.4406433105469
851.2783030536702 97.97533416748047 380.5973815917969
851.6019276347688 96.70348358154297 380.75048828125
851.9255522158674 95.03094482421875 381.70428466796875
852.2491767969659 93.34742736816406 381.75494384765625
852.5728013780645 91.08221435546875 382.8445739746094
852.896425959163 88.66143798828125 385.072265625
853.2200505402616 86.24305725097656 386.4458923339844
853.5436751213601 83.6136245727539 388.95306396484375
853.8672997024587 81.25859069824219 393.3618469238281
854.1909242835573 78.85000610351562 396.5689392089844
854.5145488646558 77.33149719238281 399.584228515625
854.8381734457544 75.2243881225586 401.507568359375
855.1617980268529 73.60567474365234 403.52740478515625
855.4854226079515 73.6897201538086 404.8002624511719
855.80904718905 73.18458557128906 404.3862609863281
856.1326717701486 73.42582702636719 403.4375305175781
856.4562963512471 73.88665008544922 401.4221496582031
856.7799209323457 75.19132995605469 398.16021728515625
857.1035455134443 76.32225799560547 395.1844177246094
857.4271700945428 77.79328155517578 392.81689453125
857.7507946756414 78.8914794921875 390.01361083984375
858.0744192567399 80.75469207763672 387.9474792480469
858.3980438378385 81.34069061279297 386.2389831542969
858.721668418937 83.06346893310547 384.1832275390625
859.0452930000356 83.84100341796875 383.2640380859375
859.3689175811342 84.45503997802734 382.3282165527344
859.6925421622327 85.52432250976562 381.61383056640625
860.0161667433313 85.37389373779297 380.9295959472656
860.3397913244298 85.90853118896484 380.16473388671875
860.6634159055284 87.32070922851562 380.757080078125
860.9870404866269 87.95146942138672 380.5040283203125
861.3106650677255 89.17581939697266 380.6184997558594
861.634289648824 89.41189575195312 380.5744323730469
861.9579142299226 90.66477966308594 380.9665832519531
862.2815388110212 91.94585418701172 381.40020751953125
862.6051633921197 93.55775451660156 382.9501647949219
862.9287879732183 94.02791595458984 382.9864807128906
863.2524125543168 95.87578582763672 383.6335144042969
863.5760371354154 96.3719482421875 383.9454650878906
863.899661716514 97.51415252685547 384.8719482421875
864.2232862976125 98.04124450683594 385.0240173339844
864.5469108787111 98.16712188720703 385.6961975097656
864.8705354598096 98.71016693115234 385.5835876464844
865.1941600409082 99.28279113769531 385.674072265625
865.5177846220067 99.4402084350586 385.90234375
865.8414092031053 99.61239624023438 385.6801452636719
866.1650337842038 99.97773742675781 385.6556701660156
866.4886583653024 99.44419860839844 385.23712158203125
866.812282946401 100.06350708007812 385.7760925292969
867.1359075274995 98.92189025878906 385.41448974609375
867.4595321085981 98.00779724121094 385.1665344238281
867.7831566896966 97.14232635498047 384.6813659667969
868.1067812707952 96.87902069091797 384.7272644042969
868.4304058518937 95.88050842285156 384.8571472167969
868.7540304329923 95.43321228027344 383.7085266113281
869.0776550140909 94.22293090820312 384.0598449707031
869.4012795951894 93.89263916015625 384.0171203613281
869.724904176288 93.20608520507812 383.2001953125
870.0485287573865 92.22589874267578 382.0787353515625
870.3721533384851 92.1093978881836 382.1902770996094
870.6957779195836 91.296142578125 381.7276611328125
871.0194025006822 90.20116424560547 381.2747497558594
871.3430270817807 89.27850341796875 380.442626953125
871.6666516628793 88.63915252685547 379.4208984375
871.9902762439779 88.052978515625 378.80084228515625
872.3139008250764 86.99530792236328 378.3448486328125
872.637525406175 86.6477279663086 377.8725280761719
872.9611499872735 85.23152160644531 377.5400390625
873.2847745683721 85.1024398803711 376.4586181640625
873.6083991494706 83.83170318603516 376.49407958984375
873.9320237305692 82.92829132080078 375.47357177734375
874.2556483116678 82.2256088256836 374.859619140625
874.5792728927663 81.10302734375 375.1914367675781
874.9028974738649 80.72834014892578 374.4167785644531
875.2265220549634 79.954833984375 372.7265625
875.550146636062 78.98465728759766 372.1206359863281
875.8737712171605 79.08550262451172 372.120849609375
876.1973957982591 78.74004364013672 371.4673156738281
876.5210203793577 77.6205825805664 370.8417663574219
876.8446449604562 77.24945068359375 370.4216613769531
877.1682695415548 76.41371154785156 369.5966796875
877.4918941226533 75.85224914550781 368.5713806152344
877.8155187037519 75.26557159423828 367.9625244140625
878.1391432848504 74.55449676513672 367.2939147949219
878.462767865949 73.46611022949219 366.63177490234375
878.7863924470475 73.11174011230469 366.158935546875
879.1100170281461 72.86321258544922 365.64361572265625
879.4336416092447 73.08096313476562 365.3967590332031
879.7572661903432 71.76171875 364.99322509765625
880.0808907714418 71.57530212402344 363.9617614746094
880.4045153525403 71.18880462646484 364.16705322265625
880.7281399336389 71.30658721923828 363.6529235839844
881.0517645147374 70.7876205444336 362.8612060546875
881.375389095836 71.16664123535156 362.8302307128906
881.6990136769346 70.97318267822266 361.7352600097656
882.0226382580331 70.87764739990234 361.2853698730469
882.3462628391317 71.24352264404297 361.2753601074219
882.6698874202302 70.91876983642578 360.2667236328125
882.9935120013288 70.84850311279297 360.15423583984375
883.3171365824273 71.12904357910156 359.3017883300781
883.6407611635259 70.68218231201172 358.6524963378906
883.9643857446245 70.92625427246094 358.6651916503906
884.288010325723 70.67131042480469 358.7601013183594
884.6116349068216 70.72762298583984 358.9158020019531
884.9352594879201 71.21673583984375 358.0018005371094
885.2588840690187 71.15526580810547 357.72186279296875
885.5825086501172 70.86918640136719 357.041259765625
885.9061332312158 70.54698944091797 356.6119079589844
886.2297578123143 70.45344543457031 356.7536926269531
886.5533823934129 71.05221557617188 356.71490478515625
886.8770069745115 71.19351196289062 355.79376220703125
887.20063155561 71.3675537109375 356.0046691894531
887.5242561367086 70.93827819824219 355.79302978515625
887.8478807178071 71.24555206298828 355.023681640625
888.1715052989057 70.44158935546875 354.35369873046875
888.4951298800042 70.65394592285156 353.9554748535156
888.8187544611028 70.83634185791016 354.1980895996094
889.1423790422014 70.6357421875 354.0024719238281
889.4660036232999 70.447509765625 354.6672668457031
889.7896282043985 69.92822265625 353.3370056152344
890.113252785497 70.43666076660156 353.1497497558594
890.4368773665956 69.95051574707031 352.9910888671875
890.7605019476941 69.98231506347656 352.4822082519531
891.0841265287927 69.98431396484375 352.311767578125
891.4077511098913 70.02112579345703 352.0367431640625
891.7313756909898 69.64604187011719 352.2635498046875
892.0550002720884 69.34864807128906 351.0667419433594
892.3786248531869 69.14189910888672 351.42108154296875
892.7022494342855 68.93096923828125 350.0994567871094
893.025874015384 68.18710327148438 349.820556640625
893.3494985964826 67.99512481689453 349.8381042480469
893.6731231775811 67.78053283691406 348.7806091308594
893.9967477586797 67.26880645751953 348.44403076171875
894.3203723397783 67.03211975097656 347.7759094238281
894.6439969208768 67.41886138916016 347.3144226074219
894.9676215019754 66.58338928222656 347.1749572753906
895.2912460830739 66.34561920166016 346.7248840332031
895.6148706641725 66.19017028808594 345.3948669433594
895.938495245271 66.19438171386719 345.08441162109375
896.2621198263696 66.52101135253906 344.7483215332031
896.5857444074682 65.95317840576172 344.175537109375
896.9093689885667 66.02842712402344 343.79833984375
897.2329935696653 65.70394134521484 342.9066162109375
897.5566181507638 65.26136779785156 342.5675964355469
897.8802427318624 65.24268341064453 342.2132873535156
898.2038673129609 64.6167221069336 341.53851318359375
898.5274918940595 65.16857147216797 341.7915954589844
898.851116475158 65.44840240478516 341.11962890625
899.1747410562566 64.71388244628906 340.1660461425781
899.4983656373552 64.73420715332031 339.55474853515625
899.8219902184537 64.2292251586914 338.91400146484375
900.1456147995523 64.38833618164062 337.9183654785156
900.4692393806508 63.89286422729492 337.9599609375
900.7928639617494 64.34618377685547 337.8059387207031
901.116488542848 63.90897750854492 337.1261901855469
901.4401131239465 63.64738464355469 337.13140869140625
901.7637377050451 63.48289489746094 336.4348449707031
902.0873622861436 63.370906829833984 335.72540283203125
902.4109868672422 63.541805267333984 335.2272644042969
902.7346114483407 63.576602935791016 335.23638916015625
903.0582360294393 63.10113525390625 335.0160217285156
903.3818606105378 63.406490325927734 334.5003356933594
903.7054851916364 62.88159942626953 333.70477294921875
904.029109772735 62.917354583740234 334.0830078125
904.3527343538335 63.36958312988281 333.18365478515625
904.6763589349321 62.81768035888672 332.2596130371094
904.9999835160306 63.410858154296875 331.4938659667969
905.3236080971292 62.891883850097656 330.6988220214844
905.6472326782277 63.34541320800781 330.5826110839844
905.9708572593263 63.41899490356445 330.0161437988281
906.2944818404249 63.1306266784668 328.87677001953125
906.6181064215234 63.14734649658203 329.7181396484375
906.941731002622 63.30562973022461 329.17626953125
907.2653555837205 63.582191467285156 329.28936767578125
907.5889801648191 62.9943733215332 327.73968505859375
907.9126047459176 63.15140151977539 327.6670837402344
908.2362293270162 63.512657165527344 327.37017822265625
908.5598539081147 62.79689025878906 326.7113952636719
908.8834784892133 61.820343017578125 326.30096435546875
909.2071030703119 62.83335876464844 326.1668701171875
909.5307276514104 62.02584457397461 325.9781799316406
909.854352232509 62.598793029785156 325.3695983886719
910.1779768136075 62.059776306152344 325.0477600097656
910.5016013947061 61.746944427490234 324.8966979980469
910.8252259758046 61.74687194824219 324.5710754394531
911.1488505569032 61.78955841064453 324.05987548828125
911.4724751380018 61.40156173706055 324.2917175292969
911.7960997191003 61.277305603027344 324.3367614746094
912.1197243001989 61.33741760253906 323.9552917480469
912.4433488812974 61.313838958740234 322.9323425292969
912.766973462396 61.43108367919922 322.71966552734375
913.0905980434945 61.467308044433594 322.6055908203125
913.4142226245931 61.04227066040039 321.9501953125
913.7378472056917 61.07746505737305 321.7092590332031
914.0614717867902 60.3890380859375 321.4085693359375
914.3850963678888 60.15782928466797 321.3131103515625
914.7087209489873 60.09921646118164 320.9596252441406
915.0323455300859 60.15330505371094 319.8431091308594
915.3559701111844 60.67009735107422 320.0494689941406
915.679594692283 60.8719596862793 319.7397766113281
916.0032192733815 60.37552261352539 319.08013916015625
916.3268438544801 60.38155746459961 318.9833984375
916.6504684355787 59.74984359741211 318.2607421875
916.9740930166772 59.94041442871094 317.72601318359375
917.2977175977758 59.72687911987305 317.5103454589844
917.6213421788743 59.774940490722656 317.2122497558594
917.9449667599729 59.596092224121094 316.21282958984375
918.2685913410714 59.73684310913086 316.51654052734375
918.59221592217 59.72380828857422 316.01373291015625
918.9158405032686 59.62137222290039 315.7422790527344
919.2394650843671 59.61191177368164 315.8268127441406
919.5630896654657 59.20264434814453 315.069091796875
919.8867142465642 59.70460891723633 315.1333923339844
920.2103388276628 58.74490737915039 314.4000549316406
920.5339634087613 58.73953628540039 314.1648864746094
920.8575879898599 58.53059005737305 313.48443603515625
921.1812125709585 58.44185256958008 313.574951171875
921.504837152057 58.259769439697266 313.4552917480469
921.8284617331556 58.205162048339844 313.2286682128906
922.1520863142541 57.98905563354492 313.1475830078125
922.4757108953527 57.7791748046875 312.5470886230469
922.7993354764512 58.09146499633789 312.5022888183594
923.1229600575498 58.22916030883789 311.14727783203125
923.4465846386483 57.7742805480957 311.8812255859375
923.7702092197469 57.39500427246094 310.90069580078125
924.0938338008455 57.75849914550781 310.50836181640625
924.417458381944 57.77284622192383 309.3833923339844
924.7410829630426 57.14263153076172 309.47607421875
925.0647075441411 57.596290588378906 309.6601867675781
925.3883321252397 57.17131805419922 309.09954833984375
925.7119567063382 56.809879302978516 308.9901428222656
926.0355812874368 56.82427215576172 308.08563232421875
926.3592058685354 56.926734924316406 307.84503173828125
926.6828304496339 56.33399200439453 307.0902099609375
927.0064550307325 56.285499572753906 306.45599365234375
927.330079611831 56.61722946166992 306.7660827636719
927.6537041929296 55.94866943359375 306.0019226074219
927.9773287740281 56.39020919799805 306.0379638671875
928.3009533551267 56.133121490478516 306.1510009765625
928.6245779362253 56.11920928955078 305.2126770019531
928.9482025173238 55.49052047729492 304.8685302734375
929.2718270984224 55.64778137207031 304.337646484375
929.5954516795209 55.38017654418945 304.08758544921875
929.9190762606195 55.010276794433594 303.8365478515625
930.242700841718 55.261234283447266 303.2763366699219
930.5663254228166 55.46366882324219 303.0269775390625
930.8899500039151 55.760318756103516 302.4012451171875
931.2135745850137 55.13180160522461 301.8958740234375
931.5371991661123 55.20475387573242 301.8785705566406
931.8608237472108 54.99142837524414 301.67266845703125
932.1844483283094 55.155792236328125 301.4786071777344
932.5080729094079 55.089839935302734 301.48248291015625
932.8316974905065 55.62758255004883 301.6211853027344
933.155322071605 54.99507141113281 301.42059326171875
933.4789466527036 54.872840881347656 301.0356140136719
933.8025712338022 55.180625915527344 301.0150451660156
934.1261958149007 55.62236022949219 301.1935119628906
934.4498203959993 55.781253814697266 301.0075988769531
934.7734449770978 55.04448699951172 300.857421875
935.0970695581964 55.51960372924805 300.8683166503906
935.4206941392949 55.931419372558594 301.10565185546875
935.7443187203935 55.89075469970703 300.5157470703125
936.067943301492 56.110877990722656 299.6196594238281
936.3915678825906 56.42478942871094 299.725341796875
936.7151924636892 56.13471984863281 299.2787780761719
937.0388170447877 56.013153076171875 299.1114501953125
937.3624416258863 56.094398498535156 298.66607666015625
937.6860662069848 56.290679931640625 298.21484375
938.0096907880834 56.1260871887207 298.07366943359375
938.333315369182 55.77428436279297 297.6741943359375
938.6569399502805 55.67470169067383 297.0271911621094
938.9805645313791 55.4722785949707 295.7619934082031
939.3041891124776 56.31034851074219 296.4886779785156
939.6278136935762 56.183528900146484 295.8595275878906
939.9514382746747 56.05880355834961 295.4828186035156
940.2750628557733 55.498104095458984 295.2198791503906
940.5986874368718 55.482906341552734 294.43450927734375
940.9223120179704 55.21643829345703 294.7288818359375
941.245936599069 54.9980354309082 293.8653564453125
941.5695611801675 55.11201858520508 294.1199035644531
941.8931857612661 54.73362731933594 293.4407958984375
942.2168103423646 54.41873550415039 292.8085632324219
942.5404349234632 54.33705520629883 292.4916076660156
942.8640595045617 54.17243194580078 292.6013488769531
943.1876840856603 54.119163513183594 291.72515869140625
943.5113086667589 54.03620147705078 291.26812744140625
943.8349332478574 52.996646881103516 290.4733581542969
944.158557828956 53.571571350097656 290.5414123535156
944.4821824100545 53.686309814453125 290.7872009277344
944.8058069911531 53.18280792236328 289.3664855957031
945.1294315722516 53.01314926147461 289.2944030761719
945.4530561533502 53.0480842590332 288.9600524902344
945.7766807344487 52.891719818115234 289.0194396972656
946.1003053155473 53.168338775634766 288.4554138183594
946.4239298966459 52.835845947265625 288.1850280761719
946.7475544777444 52.98580551147461 287.64892578125
947.071179058843 52.87580490112305 287.36041259765625
947.3948036399415 52.548789978027344 286.6058349609375
947.7184282210401 52.964134216308594 286.1600036621094
948.0420528021386 52.08555603027344 285.8591003417969
948.3656773832372 52.381744384765625 285.796875
948.6893019643358 52.35979080200195 285.3173522949219
949.0129265454343 52.012535095214844 285.8433837890625
949.3365511265329 52.202293395996094 285.77325439453125
949.6601757076314 52.026641845703125 284.7914123535156
949.98380028873 52.41978454589844 284.2745666503906
950.3074248698285 52.34415054321289 284.2688293457031
950.6310494509271 52.227745056152344 283.65924072265625
950.9546740320257 51.537837982177734 283.7409973144531
951.2782986131242 52.09629821777344 283.3902587890625
951.6019231942228 51.922454833984375 283.4100646972656
951.9255477753213 51.592628479003906 282.84393310546875
952.2491723564199 52.07122039794922 283.0179748535156
952.5727969375184 52.17340850830078 283.06134033203125
952.896421518617 52.03626251220703 282.9580993652344
953.2200460997155 51.95116424560547 283.3825988769531
953.5436706808141 52.759883880615234 282.7472839355469
953.8672952619127 52.833839416503906 282.80682373046875
954.1909198430112 52.91363525390625 282.3268737792969
954.5145444241098 52.90739059448242 282.3338928222656
954.8381690052083 52.707176208496094 282.45001220703125
955.1617935863069 52.80238342285156 282.2746887207031
955.4854181674054 52.75663757324219 282.6509704589844
955.809042748504 53.03799057006836 282.7957763671875
956.1326673296026 52.7955322265625 282.41229248046875
956.4562919107011 52.25409698486328 282.3858947753906
956.7799164917997 51.8328971862793 281.71893310546875
957.1035410728982 51.57619857788086 282.45367431640625
957.4271656539968 51.07897186279297 282.5769958496094
957.7507902350953 50.564754486083984 283.17437744140625
958.0744148161939 49.7320556640625 284.047607421875
958.3980393972925 49.08209991455078 284.9499206542969
958.721663978391 48.50218963623047 286.4047546386719
959.0452885594896 48.06505584716797 287.72601318359375
959.3689131405881 46.89437484741211 289.56689453125
959.6925377216867 46.12702560424805 291.6966857910156
960.0161623027852 44.654083251953125 294.5894775390625
960.3397868838838 43.67302703857422 297.98114013671875
960.6634114649823 42.459049224853516 301.7995910644531
960.9870360460809 39.98365783691406 307.1611328125
961.3106606271795 38.64128112792969 312.4488830566406
961.634285208278 37.253395080566406 320.99298095703125
961.9579097893766 36.42510223388672 330.2205810546875
962.2815343704751 37.086063385009766 342.1765441894531
962.6051589515737 39.69459533691406 355.9527893066406
962.9287835326722 44.53612518310547 373.95782470703125
963.2524081137708 53.51206588745117 395.84130859375
963.5760326948694 65.08141326904297 421.09930419921875
963.8996572759679 80.69631958007812 449.984375
964.2232818570665 97.74547576904297 482.5705261230469
964.546906438165 117.29083251953125 517.365234375
964.8705310192636 137.44712829589844 552.7703857421875
965.1941556003621 156.63955688476562 586.4166870117188
965.5177801814607 174.48497009277344 616.676025390625
965.8414047625593 189.7332000732422 642.2050170898438
966.1650293436578 200.08558654785156 660.3184814453125
966.4886539247564 205.60845947265625 668.6575317382812
966.8122785058549 204.37477111816406 665.1319580078125
967.1359030869535 195.99151611328125 650.9864501953125
967.459527668052 183.22018432617188 627.1303100585938
967.7831522491506 165.0059051513672 596.2230224609375
968.1067768302491 145.2847900390625 559.7507934570312
968.4304014113477 124.27183532714844 523.1975708007812
968.7540259924463 103.86144256591797 487.0345764160156
969.0776505735448 86.033203125 454.73065185546875
969.4012751546434 71.0831527709961 425.7059631347656
969.7248997357419 58.825321197509766 400.2525939941406
970.0485243168405 48.83805847167969 378.9169921875
970.372148897939 42.58929443359375 360.6860046386719
970.6957734790376 39.101593017578125 346.6158447265625
971.0193980601362 36.162994384765625 334.0172119140625
971.3430226412347 35.92609405517578 325.05828857421875
971.6666472223333 35.57087707519531 316.3037414550781
971.9902718034318 36.05474090576172 309.9786682128906
972.3138963845304 36.7875862121582 303.94659423828125
972.6375209656289 37.557220458984375 299.56280517578125
972.9611455467275 38.20779800415039 295.56817626953125
973.284770127826 38.62135314941406 292.781982421875
973.6083947089246 38.96123123168945 289.8171691894531
973.9320192900232 39.411949157714844 287.8175964355469
974.2556438711217 40.27763748168945 286.214599609375
974.5792684522203 40.037193298339844 285.4057312011719
974.9028930333188 41.02248001098633 283.9211120605469
975.2265176144174 40.88328170776367 283.19647216796875
975.550142195516 40.74396896362305 281.8712158203125
975.8737667766145 41.103729248046875 281.08392333984375
976.1973913577131 40.79359817504883 280.5669860839844
976.5210159388116 40.49442672729492 280.0302429199219
976.8446405199102 40.6156120300293 279.7812194824219
977.1682651010087 40.34354019165039 279.3773498535156
977.4918896821073 40.36533737182617 278.9604797363281
977.8155142632058 39.889923095703125 278.62274169921875
978.1391388443044 40.05099868774414 278.4913330078125
978.462763425403 39.54314422607422 278.63555908203125
978.7863880065015 39.22283172607422 278.54718017578125
979.1100125876001 39.35750961303711 279.3580322265625
979.4336371686986 38.6345329284668 279.5097351074219
979.7572617497972 38.293373107910156 279.7445373535156
980.0808863308957 37.852535247802734 280.77606201171875
980.4045109119943 37.227848052978516 281.68475341796875
980.7281354930929 36.624732971191406 283.46875
981.0517600741914 36.54309844970703 284.7562255859375
