eV loc1 loc2 loc3
463.57605489759953 1168.0 1127.0 1146.0
463.8996794786981 1292.0 1038.0 1285.0
464.22330405979665 1289.0 979.0 1155.0
464.5469286408952 1339.0 1088.0 1229.0
464.87055322199376 1340.0 1037.0 1193.0
465.1941778030923 1291.0 1075.0 1259.0
465.5178023841909 1319.0 1186.0 1172.0
465.84142696528943 1369.0 1061.0 1133.0
466.165051546388 1304.0 1033.0 1244.0
466.48867612748654 1412.0 989.0 1178.0
466.8123007085851 1260.0 1131.0 1175.0
467.13592528968366 1297.0 1124.0 1138.0
467.4595498707822 1268.0 1130.0 1122.0
467.78317445188077 1203.0 1121.0 1134.0
468.1067990329793 1167.0 1078.0 1234.0
468.4304236140779 1247.0 1000.0 1206.0
468.75404819517644 1292.0 1030.0 1118.0
469.077672776275 1301.0 976.0 1189.0
469.40129735737355 1357.0 1039.0 1080.0
469.7249219384721 1239.0 973.0 1077.0
470.04854651957066 1200.0 1045.0 1109.0
470.3721711006692 1169.0 966.0 1074.0
470.6957956817678 1197.0 980.0 1162.0
471.01942026286633 1188.0 1014.0 1139.0
471.3430448439649 1269.0 1016.0 1133.0
471.66666942506345 1224.0 998.0 1222.0
471.990294006162 1272.0 1053.0 1123.0
472.31391858726056 1230.0 1051.0 1152.0
472.6375431683591 1185.0 1018.0 1178.0
472.9611677494577 1239.0 977.0 1088.0
473.28479233055623 1213.0 901.0 1148.0
473.6084169116548 1180.0 977.0 1118.0
473.93204149275334 1217.0 937.0 1116.0
474.2556660738519 1236.0 937.0 1125.0
474.57929065495046 1112.0 1021.0 1109.0
474.902915236049 1174.0 1010.0 1124.0
475.22653981714757 1174.0 947.0 1138.0
475.5501643982461 1153.0 981.0 1112.0
475.8737889793447 1168.0 1019.0 1078.0
476.19741356044324 1152.0 924.0 1133.0
476.5210381415418 1142.0 983.0 1106.0
476.84466272264035 1160.0 1046.0 1146.0
477.1682873037389 1135.0 1042.0 1166.0
477.49191188483746 1254.0 1005.0 1156.0
477.815536465936 1202.0 881.0 1108.0
478.1391610470346 1231.0 902.0 1071.0
478.46278562813313 1274.0 877.0 1042.0
478.7864102092317 1210.0 964.0 1072.0
479.11003479033025 1170.0 894.0 1103.0
479.4336593714288 1146.0 943.0 1084.0
479.75728395252736 1202.0 934.0 1119.0
480.0809085336259 1132.0 949.0 991.0
480.4045331147245 1151.0 1009.0 1031.0
480.72815769582303 1165.0 1060.0 1044.0
481.0517822769216 1167.0 1099.0 1068.0
481.37540685802014 1207.0 1062.0 1166.0
481.6990314391187 1180.0 1105.0 1089.0
482.02265602021725 1242.0 1059.0 1117.0
482.3462806013158 1226.0 1110.0 1013.0
482.66990518241437 1220.0 980.0 1067.0
482.9935297635129 1251.0 1058.0 1044.0
483.3171543446115 1185.0 1091.0 1020.0
483.64077892571004 1170.0 995.0 1072.0
483.9644035068086 1153.0 1090.0 1136.0
484.28802808790715 1259.0 1058.0 1179.0
484.6116526690057 1240.0 1041.0 1075.0
484.93527725010426 1240.0 981.0 1072.0
485.2589018312028 1330.0 985.0 1135.0
485.5825264123014 1270.0 970.0 1120.0
485.90615099339993 1333.0 1049.0 1126.0
486.2297755744985 1316.0 1073.0 1235.0
486.55340015559705 1390.0 1172.0 1286.0
486.8770247366956 1492.0 1256.0 1263.0
487.20064931779416 1438.0 1171.0 1335.0
487.5242738988927 1505.0 1327.0 1312.0
487.8478984799913 1583.0 1413.0 1337.0
488.17152306108983 1674.0 1365.0 1322.0
488.4951476421884 1689.0 1355.0 1353.0
488.81877222328694 1729.0 1474.0 1360.0
489.1423968043855 1842.0 1425.0 1417.0
489.46602138548405 1779.0 1458.0 1376.0
489.7896459665826 1805.0 1331.0 1323.0
490.11327054768117 1789.0 1330.0 1285.0
490.4368951287797 1628.0 1253.0 1254.0
490.7605197098783 1637.0 1289.0 1220.0
491.08414429097684 1560.0 1256.0 1326.0
491.4077688720754 1509.0 1219.0 1269.0
491.73139345317395 1602.0 1183.0 1227.0
492.0550180342725 1536.0 1120.0 1196.0
492.37864261537106 1468.0 1183.0 1068.0
492.7022671964696 1494.0 1179.0 1143.0
493.0258917775682 1373.0 1229.0 1108.0
493.34951635866673 1456.0 1224.0 1213.0
493.6731409397653 1500.0 1197.0 1240.0
493.99676552086385 1406.0 1236.0 1138.0
494.3203901019624 1415.0 1131.0 1238.0
494.64401468306096 1567.0 1120.0 1247.0
494.9676392641595 1497.0 1174.0 1179.0
495.2912638452581 1491.0 1217.0 1161.0
495.61488842635663 1462.0 1305.0 1209.0
495.9385130074552 1453.0 1310.0 1239.0
496.26213758855374 1492.0 1235.0 1321.0
496.5857621696523 1478.0 1211.0 1258.0
496.90938675075085 1537.0 1096.0 1182.0
497.2330113318494 1503.0 1161.0 1187.0
497.55663591294797 1483.0 1145.0 1175.0
497.8802604940465 1393.0 1080.0 1219.0
498.2038850751451 1430.0 1173.0 1047.0
498.52750965624364 1418.0 1190.0 1049.0
498.8511342373422 1442.0 1106.0 957.0
499.17475881844075 1369.0 1156.0 1101.0
499.4983833995393 1410.0 1081.0 1164.0
499.82200798063786 1348.0 1086.0 1042.0
500.1456325617364 1395.0 1059.0 1155.0
500.469257142835 1439.0 1123.0 1144.0
500.79288172393353 1301.0 1052.0 1265.0
501.1165063050321 1287.0 1109.0 1307.0
501.44013088613065 1267.0 1141.0 1235.0
501.7637554672292 1259.0 1074.0 1194.0
502.08738004832776 1199.0 1046.0 1092.0
502.4110046294263 1239.0 1130.0 1046.0
502.7346292105249 1270.0 1106.0 1071.0
503.05825379162343 1226.0 1048.0 1082.0
503.381878372722 1286.0 1069.0 1111.0
503.70550295382054 1290.0 1059.0 1048.0
504.0291275349191 1232.0 1032.0 1041.0
504.35275211601765 1240.0 1065.0 1170.0
504.6763766971162 1173.0 998.0 1154.0
505.00000127821477 1284.0 978.0 1067.0
505.3236258593133 1340.0 999.0 1045.0
505.6472504404119 1384.0 965.0 1031.0
505.97087502151044 1386.0 1027.0 1095.0
506.294499602609 1367.0 955.0 962.0
506.61812418370755 1287.0 1006.0 1043.0
506.9417487648061 1297.0 992.0 1052.0
507.26537334590466 1254.0 997.0 1087.0
507.5889979270032 1208.0 913.0 1152.0
507.9126225081018 1194.0 921.0 1081.0
508.23624708920033 1230.0 1043.0 1058.0
508.5598716702989 1280.0 1135.0 1031.0
508.88349625139745 1278.0 1110.0 1075.0
509.207120832496 1371.0 1114.0 1094.0
509.53074541359456 1263.0 1172.0 1122.0
509.8543699946931 1343.0 1150.0 1079.0
510.1779945757917 1224.0 1111.0 1101.0
510.50161915689023 1315.0 1112.0 1064.0
510.8252437379888 1260.0 1172.0 1053.0
511.14886831908734 1340.0 1191.0 1097.0
511.4724929001859 1208.0 1158.0 1160.0
511.79611748128445 1265.0 1133.0 1146.0
512.119742062383 1323.0 1149.0 1150.0
512.4433666434816 1341.0 1202.0 1176.0
512.7669912245801 1365.0 1224.0 1102.0
513.0906158056787 1281.0 1098.0 1075.0
513.4142403867772 1303.0 1082.0 1149.0
513.7378649678758 1381.0 1048.0 1211.0
514.0614895489744 1308.0 1011.0 1217.0
514.3851141300729 1318.0 981.0 1208.0
514.7087387111715 1282.0 1039.0 1215.0
515.03236329227 1289.0 1073.0 1153.0
515.3559878733686 1297.0 1037.0 1086.0
515.6796124544671 1249.0 1095.0 1065.0
516.0032370355657 1240.0 1069.0 1055.0
516.3268616166642 1290.0 1158.0 1067.0
516.6504861977628 1320.0 1124.0 997.0
516.9741107788614 1345.0 1033.0 1104.0
517.2977353599599 1390.0 1018.0 1134.0
517.6213599410585 1400.0 971.0 1049.0
517.944984522157 1422.0 1050.0 992.0
518.2686091032556 1396.0 1005.0 1089.0
518.5922336843541 1422.0 1174.0 1185.0
518.9158582654527 1361.0 1064.0 1192.0
519.2394828465513 1326.0 1127.0 1207.0
519.5631074276498 1314.0 1061.0 1166.0
519.8867320087484 1285.0 1039.0 1241.0
520.2103565898469 1341.0 991.0 1185.0
520.5339811709455 1216.0 1016.0 1162.0
520.857605752044 1279.0 1095.0 1036.0
521.1812303331426 1209.0 1061.0 1141.0
521.5048549142412 1275.0 1131.0 1166.0
521.8284794953397 1229.0 1114.0 1014.0
522.1521040764383 1193.0 1147.0 1040.0
522.4757286575368 1251.0 1119.0 1072.0
522.7993532386354 1240.0 1045.0 1017.0
523.1229778197339 1333.0 1056.0 1066.0
523.4466024008325 1347.0 1104.0 1170.0
523.770226981931 1328.0 1034.0 1105.0
524.0938515630296 1357.0 1035.0 1090.0
524.4174761441282 1270.0 1056.0 1163.0
524.7411007252267 1187.0 1081.0 1150.0
525.0647253063253 1204.0 1106.0 1164.0
525.3883498874238 1322.0 1034.0 1098.0
525.7119744685224 1282.0 1076.0 1097.0
526.0355990496209 1268.0 1137.0 1122.0
526.3592236307195 1293.0 1124.0 1134.0
526.682848211818 1292.0 1076.0 1032.0
527.0064727929166 1250.0 1055.0 1088.0
527.3300973740152 1314.0 1229.0 1013.0
527.6537219551137 1186.0 1136.0 1036.0
527.9773465362123 1310.0 1112.0 1052.0
528.3009711173108 1351.0 1105.0 1047.0
528.6245956984094 1260.0 1084.0 1077.0
528.948220279508 1268.0 1151.0 1086.0
529.2718448606065 1277.0 1121.0 1058.0
529.5954694417051 1257.0 1179.0 1152.0
529.9190940228036 1216.0 1070.0 1069.0
530.2427186039022 1298.0 1051.0 1132.0
530.5663431850007 1215.0 1017.0 1132.0
530.8899677660993 1211.0 1014.0 1084.0
531.2135923471978 1272.0 991.0 1140.0
531.5372169282964 1249.0 1034.0 1096.0
531.860841509395 1150.0 926.0 1053.0
532.1844660904935 1208.0 1018.0 1137.0
532.5080906715921 1179.0 980.0 1123.0
532.8317152526906 1142.0 1077.0 1116.0
533.1553398337892 1279.0 1094.0 1026.0
533.4789644148877 1336.0 1095.0 1061.0
533.8025889959863 1326.0 1065.0 1002.0
534.1262135770849 1290.0 1143.0 1033.0
534.4498381581834 1444.0 1224.0 999.0
534.773462739282 1283.0 1231.0 1061.0
535.0970873203805 1392.0 1163.0 1114.0
535.4207119014791 1307.0 1116.0 1105.0
535.7443364825776 1186.0 1111.0 1108.0
536.0679610636762 1278.0 1135.0 1030.0
536.3915856447748 1257.0 1099.0 1005.0
536.7152102258733 1241.0 1082.0 1027.0
537.0388348069719 1248.0 1030.0 1046.0
537.3624593880704 1212.0 1054.0 1051.0
537.686083969169 1211.0 1089.0 1072.0
538.0097085502675 1174.0 1119.0 1030.0
538.3333331313661 1203.0 1035.0 1005.0
538.6569577124646 1177.0 1000.0 1065.0
538.9805822935632 1137.0 1011.0 1019.0
539.3042068746618 1234.0 1022.0 1012.0
539.6278314557603 1204.0 1028.0 1106.0
539.9514560368589 1105.0 1076.0 1028.0
540.2750806179574 1232.0 1058.0 1065.0
540.598705199056 1217.0 1077.0 1106.0
540.9223297801545 1146.0 1053.0 1040.0
541.2459543612531 1220.0 1020.0 1086.0
541.5695789423517 1157.0 1029.0 1018.0
541.8932035234502 1238.0 1047.0 1019.0
542.2168281045488 1201.0 941.0 1036.0
542.5404526856473 1236.0 933.0 1134.0
542.8640772667459 1263.0 958.0 1071.0
543.1877018478444 1138.0 1069.0 995.0
543.511326428943 1098.0 996.0 1030.0
543.8349510100416 1289.0 1054.0 975.0
544.1585755911401 1280.0 985.0 960.0
544.4822001722387 1266.0 992.0 937.0
544.8058247533372 1245.0 972.0 1037.0
545.1294493344358 1284.0 1036.0 1010.0
545.4530739155343 1190.0 975.0 1039.0
545.7766984966329 1199.0 940.0 1033.0
546.1003230777314 1253.0 939.0 1095.0
546.42394765883 1248.0 983.0 1015.0
546.7475722399286 1270.0 998.0 1039.0
547.0711968210271 1270.0 937.0 1000.0
547.3948214021257 1308.0 989.0 967.0
547.7184459832242 1337.0 890.0 971.0
548.0420705643228 1168.0 976.0 998.0
548.3656951454213 1232.0 939.0 956.0
548.6893197265199 1162.0 899.0 940.0
549.0129443076185 1237.0 912.0 948.0
549.336568888717 1207.0 956.0 920.0
549.6601934698156 1306.0 890.0 974.0
549.9838180509141 1173.0 873.0 983.0
550.3074426320127 1264.0 913.0 972.0
550.6310672131112 1232.0 993.0 945.0
550.9546917942098 1182.0 982.0 948.0
551.2783163753083 1218.0 932.0 995.0
551.6019409564069 1256.0 1045.0 1059.0
551.9255655375055 1222.0 984.0 990.0
552.249190118604 1175.0 961.0 1025.0
552.5728146997026 1091.0 970.0 926.0
552.8964392808011 1128.0 1032.0 968.0
553.2200638618997 1108.0 978.0 1028.0
553.5436884429982 1211.0 998.0 920.0
553.8673130240968 1192.0 982.0 965.0
554.1909376051954 1209.0 938.0 943.0
554.5145621862939 1207.0 908.0 1011.0
554.8381867673925 1237.0 879.0 961.0
555.161811348491 1186.0 880.0 1010.0
555.4854359295896 1198.0 956.0 968.0
555.8090605106881 1204.0 955.0 963.0
556.1326850917867 1150.0 949.0 993.0
556.4563096728853 1133.0 1068.0 970.0
556.7799342539838 1212.0 1004.0 871.0
557.1035588350824 1234.0 1064.0 861.0
557.4271834161809 1257.0 1059.0 890.0
557.7508079972795 1360.0 983.0 882.0
558.074432578378 1258.0 940.0 861.0
558.3980571594766 1181.0 859.0 868.0
558.7216817405751 1251.0 884.0 935.0
559.0453063216737 1218.0 965.0 980.0
559.3689309027723 1175.0 950.0 987.0
559.6925554838708 1216.0 1001.0 916.0
560.0161800649694 1156.0 931.0 980.0
560.3398046460679 1171.0 908.0 942.0
560.6634292271665 1195.0 899.0 928.0
560.987053808265 1214.0 915.0 921.0
561.3106783893636 1176.0 900.0 910.0
561.6343029704622 1131.0 836.0 944.0
561.9579275515607 1206.0 773.0 821.0
562.2815521326593 1059.0 879.0 920.0
562.6051767137578 1099.0 880.0 859.0
562.9288012948564 1136.0 912.0 880.0
563.2524258759549 1153.0 963.0 814.0
563.5760504570535 1181.0 880.0 835.0
563.899675038152 1155.0 870.0 905.0
564.2232996192506 1124.0 888.0 939.0
564.5469242003492 1132.0 844.0 970.0
564.8705487814477 1100.0 903.0 1038.0
565.1941733625463 1091.0 900.0 1030.0
565.5177979436448 1156.0 934.0 866.0
565.8414225247434 1154.0 948.0 949.0
566.165047105842 1171.0 876.0 871.0
566.4886716869405 1137.0 905.0 895.0
566.8122962680391 1135.0 888.0 955.0
567.1359208491376 1169.0 887.0 872.0
567.4595454302362 1154.0 881.0 883.0
567.7831700113347 1086.0 827.0 968.0
568.1067945924333 1108.0 819.0 919.0
568.4304191735318 1113.0 743.0 985.0
568.7540437546304 1152.0 836.0 822.0
569.077668335729 1054.0 803.0 867.0
569.4012929168275 1012.0 809.0 868.0
569.7249174979261 1143.0 981.0 934.0
570.0485420790246 1110.0 907.0 963.0
570.3721666601232 1102.0 937.0 925.0
570.6957912412217 1128.0 820.0 1031.0
571.0194158223203 1095.0 967.0 1009.0
571.3430404034189 1126.0 929.0 875.0
571.6666649845174 1062.0 913.0 921.0
571.990289565616 1088.0 852.0 961.0
572.3139141467145 1084.0 914.0 936.0
572.6375387278131 1078.0 964.0 998.0
572.9611633089116 1187.0 942.0 1012.0
573.2847878900102 1144.0 915.0 901.0
573.6084124711087 1133.0 836.0 854.0
573.9320370522073 1185.0 847.0 835.0
574.2556616333059 1114.0 779.0 806.0
574.5792862144044 1022.0 850.0 837.0
574.902910795503 1063.0 831.0 879.0
575.2265353766015 1045.0 790.0 868.0
575.5501599577001 1011.0 912.0 928.0
575.8737845387986 1076.0 882.0 979.0
576.1974091198972 1182.0 898.0 913.0
576.5210337009958 1095.0 1000.0 908.0
576.8446582820943 1101.0 985.0 921.0
577.1682828631929 1094.0 927.0 871.0
577.4919074442914 1065.0 889.0 873.0
577.81553202539 1119.0 917.0 799.0
578.1391566064885 1126.0 897.0 802.0
578.4627811875871 1059.0 894.0 802.0
578.7864057686857 1022.0 984.0 857.0
579.1100303497842 1040.0 987.0 904.0
579.4336549308828 1056.0 900.0 834.0
579.7572795119813 1078.0 833.0 751.0
580.0809040930799 1144.0 898.0 862.0
580.4045286741784 1116.0 837.0 928.0
580.728153255277 1044.0 885.0 875.0
581.0517778363755 1125.0 812.0 856.0
581.3754024174741 996.0 862.0 839.0
581.6990269985727 1073.0 790.0 844.0
582.0226515796712 1051.0 811.0 854.0
582.3462761607698 996.0 857.0 867.0
582.6699007418683 1091.0 854.0 822.0
582.9935253229669 1098.0 905.0 900.0
583.3171499040654 1129.0 926.0 945.0
583.640774485164 1019.0 871.0 943.0
583.9643990662626 1033.0 734.0 911.0
584.2880236473611 1079.0 722.0 847.0
584.6116482284597 1065.0 770.0 816.0
584.9352728095582 1092.0 801.0 908.0
585.2588973906568 1040.0 855.0 813.0
585.5825219717553 1009.0 863.0 861.0
585.9061465528539 947.0 877.0 773.0
586.2297711339525 1000.0 823.0 793.0
586.553395715051 884.0 737.0 769.0
586.8770202961496 1004.0 785.0 857.0
587.2006448772481 958.0 755.0 960.0
587.5242694583467 907.0 795.0 911.0
587.8478940394452 1028.0 786.0 889.0
588.1715186205438 996.0 784.0 913.0
588.4951432016423 1015.0 788.0 828.0
588.8187677827409 1040.0 781.0 764.0
589.1423923638395 1100.0 769.0 805.0
589.466016944938 1129.0 825.0 807.0
589.7896415260366 954.0 827.0 801.0
590.1132661071351 967.0 842.0 815.0
590.4368906882337 992.0 820.0 815.0
590.7605152693322 940.0 731.0 782.0
591.0841398504308 925.0 831.0 829.0
591.4077644315294 952.0 769.0 748.0
591.7313890126279 987.0 838.0 708.0
592.0550135937265 1002.0 862.0 790.0
592.378638174825 973.0 802.0 721.0
592.7022627559236 970.0 831.0 750.0
593.0258873370221 971.0 784.0 785.0
593.3495119181207 1005.0 810.0 758.0
593.6731364992193 1009.0 826.0 748.0
593.9967610803178 947.0 817.0 814.0
594.3203856614164 951.0 812.0 825.0
594.6440102425149 894.0 804.0 808.0
594.9676348236135 879.0 783.0 881.0
595.291259404712 879.0 783.0 810.0
595.6148839858106 922.0 827.0 884.0
595.9385085669091 897.0 885.0 912.0
596.2621331480077 945.0 851.0 850.0
596.5857577291063 981.0 871.0 795.0
596.9093823102048 965.0 789.0 832.0
597.2330068913034 919.0 796.0 897.0
597.5566314724019 912.0 813.0 807.0
597.8802560535005 989.0 686.0 912.0
598.203880634599 991.0 691.0 879.0
598.5275052156976 925.0 681.0 864.0
598.8511297967962 921.0 725.0 805.0
599.1747543778947 916.0 787.0 740.0
599.4983789589933 940.0 801.0 717.0
599.8220035400918 1030.0 805.0 775.0
600.1456281211904 982.0 805.0 721.0
600.4692527022889 984.0 841.0 704.0
600.7928772833875 943.0 797.0 725.0
601.116501864486 978.0 796.0 751.0
601.4401264455846 966.0 843.0 780.0
601.7637510266832 1012.0 825.0 752.0
602.0873756077817 1001.0 804.0 690.0
602.4110001888803 979.0 786.0 706.0
602.7346247699788 953.0 775.0 708.0
603.0582493510774 1008.0 751.0 748.0
603.381873932176 931.0 784.0 709.0
603.7054985132745 1048.0 670.0 806.0
604.0291230943731 967.0 726.0 714.0
604.3527476754716 983.0 618.0 785.0
604.6763722565702 913.0 664.0 819.0
604.9999968376687 989.0 736.0 846.0
605.3236214187673 1023.0 700.0 808.0
605.6472459998658 896.0 796.0 852.0
605.9708705809644 915.0 853.0 721.0
606.294495162063 951.0 777.0 721.0
606.6181197431615 990.0 816.0 715.0
606.9417443242601 962.0 779.0 718.0
607.2653689053586 843.0 755.0 720.0
607.5889934864572 876.0 752.0 710.0
607.9126180675557 966.0 768.0 743.0
608.2362426486543 996.0 728.0 749.0
608.5598672297529 910.0 802.0 737.0
608.8834918108514 890.0 801.0 898.0
609.20711639195 876.0 782.0 745.0
609.5307409730485 952.0 793.0 742.0
609.8543655541471 930.0 789.0 745.0
610.1779901352456 892.0 774.0 759.0
610.5016147163442 930.0 791.0 732.0
610.8252392974427 877.0 855.0 683.0
611.1488638785413 853.0 712.0 711.0
611.4724884596399 847.0 710.0 719.0
611.7961130407384 818.0 701.0 731.0
612.119737621837 863.0 712.0 761.0
612.4433622029355 856.0 708.0 647.0
612.7669867840341 897.0 739.0 593.0
613.0906113651326 844.0 774.0 666.0
613.4142359462312 936.0 769.0 719.0
613.7378605273298 909.0 816.0 741.0
614.0614851084283 896.0 712.0 775.0
614.3851096895269 900.0 699.0 720.0
614.7087342706254 853.0 643.0 776.0
615.032358851724 840.0 722.0 738.0
615.3559834328225 857.0 673.0 766.0
615.6796080139211 769.0 710.0 727.0
616.0032325950197 801.0 756.0 755.0
616.3268571761182 877.0 735.0 834.0
616.6504817572168 856.0 804.0 814.0
616.9741063383153 892.0 724.0 817.0
617.2977309194139 930.0 725.0 905.0
617.6213555005124 877.0 670.0 838.0
617.944980081611 896.0 709.0 750.0
618.2686046627095 915.0 710.0 794.0
618.5922292438081 873.0 731.0 693.0
618.9158538249067 827.0 766.0 678.0
619.2394784060052 843.0 716.0 735.0
619.5631029871038 871.0 689.0 716.0
619.8867275682023 865.0 716.0 863.0
620.2103521493009 903.0 725.0 850.0
620.5339767303994 893.0 760.0 737.0
620.857601311498 831.0 760.0 745.0
621.1812258925966 863.0 846.0 688.0
621.5048504736951 789.0 748.0 693.0
621.8284750547937 891.0 643.0 660.0
622.1520996358922 854.0 672.0 697.0
622.4757242169908 876.0 674.0 623.0
622.7993487980893 921.0 761.0 676.0
623.1229733791879 848.0 775.0 744.0
623.4465979602865 859.0 723.0 716.0
623.770222541385 914.0 761.0 747.0
624.0938471224836 804.0 803.0 744.0
624.4174717035821 825.0 713.0 737.0
624.7410962846807 814.0 749.0 790.0
625.0647208657792 795.0 644.0 746.0
625.3883454468778 811.0 662.0 748.0
625.7119700279763 821.0 598.0 741.0
626.0355946090749 818.0 664.0 663.0
626.3592191901735 889.0 678.0 746.0
626.682843771272 890.0 685.0 648.0
627.0064683523706 872.0 762.0 739.0
627.3300929334691 986.0 767.0 700.0
627.6537175145677 946.0 738.0 780.0
627.9773420956662 840.0 743.0 707.0
628.3009666767648 919.0 729.0 699.0
628.6245912578634 850.0 692.0 713.0
628.9482158389619 858.0 675.0 703.0
629.2718404200605 940.0 730.0 710.0
629.595465001159 828.0 701.0 738.0
629.9190895822576 796.0 696.0 790.0
630.2427141633561 819.0 682.0 740.0
630.5663387444547 841.0 637.0 776.0
630.8899633255533 895.0 693.0 707.0
631.2135879066518 857.0 697.0 803.0
631.5372124877504 872.0 723.0 759.0
631.8608370688489 845.0 695.0 676.0
632.1844616499475 875.0 661.0 700.0
632.508086231046 830.0 676.0 770.0
632.8317108121446 912.0 709.0 736.0
633.1553353932431 837.0 651.0 803.0
633.4789599743417 900.0 664.0 809.0
633.8025845554403 822.0 610.0 723.0
634.1262091365388 890.0 607.0 703.0
634.4498337176374 807.0 598.0 704.0
634.7734582987359 866.0 663.0 802.0
635.0970828798345 866.0 631.0 756.0
635.420707460933 888.0 668.0 725.0
635.7443320420316 828.0 704.0 690.0
636.0679566231302 784.0 768.0 702.0
636.3915812042287 795.0 689.0 686.0
636.7152057853273 845.0 676.0 652.0
637.0388303664258 807.0 708.0 661.0
637.3624549475244 743.0 655.0 608.0
637.6860795286229 749.0 676.0 603.0
638.0097041097215 768.0 644.0 700.0
638.33332869082 727.0 584.0 668.0
638.6569532719186 766.0 699.0 670.0
638.9805778530172 783.0 780.0 751.0
639.3042024341157 720.0 744.0 758.0
639.6278270152143 814.0 740.0 732.0
639.9514515963128 801.0 734.0 718.0
640.2750761774114 806.0 650.0 696.0
640.59870075851 738.0 627.0 658.0
640.9223253396085 761.0 662.0 642.0
641.2459499207071 872.0 709.0 695.0
641.5695745018056 884.0 675.0 643.0
641.8931990829042 851.0 684.0 652.0
642.2168236640027 811.0 719.0 666.0
642.5404482451013 787.0 686.0 690.0
642.8640728261998 774.0 646.0 628.0
643.1876974072984 775.0 653.0 633.0
643.511321988397 907.0 699.0 648.0
643.8349465694955 785.0 670.0 617.0
644.1585711505941 849.0 646.0 664.0
644.4821957316926 887.0 636.0 705.0
644.8058203127912 869.0 600.0 647.0
645.1294448938897 936.0 607.0 636.0
645.4530694749883 879.0 673.0 660.0
645.7766940560869 849.0 643.0 667.0
646.1003186371854 767.0 591.0 633.0
646.423943218284 789.0 555.0 674.0
646.7475677993825 746.0 548.0 687.0
647.0711923804811 800.0 580.0 574.0
647.3948169615796 827.0 618.0 571.0
647.7184415426782 855.0 600.0 597.0
648.0420661237767 730.0 642.0 664.0
648.3656907048753 751.0 668.0 660.0
648.6893152859739 699.0 660.0 647.0
649.0129398670724 774.0 626.0 635.0
649.336564448171 778.0 617.0 686.0
649.6601890292695 736.0 613.0 630.0
649.9838136103681 733.0 655.0 713.0
650.3074381914666 710.0 693.0 696.0
650.6310627725652 725.0 656.0 688.0
650.9546873536638 826.0 659.0 638.0
651.2783119347623 914.0 639.0 640.0
651.6019365158609 904.0 658.0 624.0
651.9255610969594 921.0 642.0 625.0
652.249185678058 841.0 612.0 686.0
652.5728102591565 848.0 604.0 586.0
652.8964348402551 783.0 589.0 653.0
653.2200594213537 793.0 516.0 674.0
653.5436840024522 715.0 515.0 696.0
653.8673085835508 710.0 578.0 632.0
654.1909331646493 696.0 590.0 578.0
654.5145577457479 713.0 647.0 678.0
654.8381823268464 740.0 590.0 663.0
655.161806907945 778.0 665.0 621.0
655.4854314890435 788.0 591.0 620.0
655.8090560701421 808.0 609.0 629.0
656.1326806512407 769.0 625.0 631.0
656.4563052323392 737.0 617.0 645.0
656.7799298134378 764.0 658.0 659.0
657.1035543945363 761.0 625.0 610.0
657.4271789756349 773.0 572.0 584.0
657.7508035567334 806.0 590.0 553.0
658.074428137832 720.0 531.0 604.0
658.3980527189306 776.0 550.0 690.0
658.7216773000291 739.0 615.0 668.0
659.0453018811277 676.0 595.0 697.0
659.3689264622262 724.0 622.0 730.0
659.6925510433248 745.0 606.0 695.0
660.0161756244233 712.0 567.0 687.0
660.3398002055219 693.0 553.0 592.0
660.6634247866205 786.0 576.0 569.0
660.987049367719 768.0 653.0 633.0
661.3106739488176 777.0 640.0 665.0
661.6342985299161 722.0 705.0 571.0
661.9579231110147 766.0 643.0 614.0
662.2815476921132 734.0 607.0 631.0
662.6051722732118 828.0 560.0 605.0
662.9287968543103 846.0 569.0 594.0
663.2524214354089 774.0 645.0 636.0
663.5760460165075 799.0 572.0 726.0
663.899670597606 743.0 633.0 708.0
664.2232951787046 756.0 587.0 703.0
664.5469197598031 742.0 628.0 694.0
664.8705443409017 732.0 606.0 720.0
665.1941689220002 727.0 599.0 650.0
665.5177935030988 644.0 612.0 718.0
665.8414180841974 645.0 587.0 645.0
666.1650426652959 689.0 614.0 593.0
666.4886672463945 713.0 636.0 541.0
666.812291827493 679.0 627.0 578.0
667.1359164085916 737.0 541.0 574.0
667.4595409896901 736.0 577.0 613.0
667.7831655707887 690.0 580.0 689.0
668.1067901518873 662.0 580.0 627.0
668.4304147329858 781.0 566.0 610.0
668.7540393140844 818.0 544.0 631.0
669.0776638951829 743.0 589.0 600.0
669.4012884762815 691.0 599.0 690.0
669.72491305738 698.0 582.0 666.0
670.0485376384786 615.0 672.0 591.0
670.3721622195771 659.0 620.0 584.0
670.6957868006757 693.0 612.0 603.0
671.0194113817743 687.0 620.0 653.0
671.3430359628728 670.0 576.0 617.0
671.6666605439714 724.0 529.0 659.0
671.9902851250699 725.0 492.0 650.0
672.3139097061685 762.0 490.0 688.0
672.637534287267 740.0 484.0 628.0
672.9611588683656 715.0 475.0 637.0
673.2847834494642 725.0 510.0 627.0
673.6084080305627 758.0 550.0 623.0
673.9320326116613 677.0 559.0 673.0
674.2556571927598 729.0 619.0 620.0
674.5792817738584 660.0 631.0 601.0
674.9029063549569 677.0 581.0 569.0
675.2265309360555 668.0 649.0 612.0
675.550155517154 586.0 667.0 608.0
675.8737800982526 707.0 575.0 589.0
676.1974046793512 655.0 602.0 621.0
676.5210292604497 689.0 611.0 655.0
676.8446538415483 655.0 533.0 576.0
677.1682784226468 657.0 529.0 646.0
677.4919030037454 667.0 502.0 602.0
677.815527584844 691.0 515.0 530.0
678.1391521659425 690.0 492.0 484.0
678.4627767470411 693.0 469.0 534.0
678.7864013281396 791.0 547.0 535.0
679.1100259092382 738.0 583.0 487.0
679.4336504903367 678.0 544.0 477.0
679.7572750714353 679.0 541.0 445.0
680.0808996525338 664.0 578.0 599.0
680.4045242336324 705.0 629.0 590.0
680.728148814731 688.0 589.0 597.0
681.0517733958295 654.0 555.0 577.0
681.3753979769281 574.0 536.0 628.0
681.6990225580266 638.0 582.0 526.0
682.0226471391252 662.0 593.0 603.0
682.3462717202237 620.0 558.0 564.0
682.6698963013223 621.0 587.0 640.0
682.9935208824209 588.0 601.0 621.0
683.3171454635194 673.0 540.0 595.0
683.640770044618 632.0 484.0 514.0
683.9643946257165 753.0 552.0 536.0
684.2880192068151 767.0 542.0 598.0
684.6116437879136 724.0 579.0 615.0
684.9352683690122 733.0 555.0 578.0
685.2588929501107 675.0 592.0 575.0
685.5825175312093 676.0 544.0 592.0
685.9061421123079 711.0 558.0 562.0
686.2297666934064 684.0 566.0 605.0
686.553391274505 674.0 574.0 510.0
686.8770158556035 716.0 523.0 535.0
687.2006404367021 691.0 491.0 524.0
687.5242650178006 650.0 514.0 533.0
687.8478895988992 656.0 494.0 537.0
688.1715141799978 648.0 522.0 559.0
688.4951387610963 664.0 475.0 521.0
688.8187633421949 695.0 467.0 599.0
689.1423879232934 772.0 548.0 569.0
689.466012504392 659.0 513.0 581.0
689.7896370854905 703.0 499.0 568.0
690.1132616665891 689.0 505.0 571.0
690.4368862476877 664.0 581.0 570.0
690.7605108287862 692.0 584.0 575.0
691.0841354098848 742.0 549.0 529.0
691.4077599909833 696.0 510.0 570.0
691.7313845720819 702.0 513.0 562.0
692.0550091531804 690.0 543.0 514.0
692.378633734279 681.0 539.0 532.0
692.7022583153775 657.0 550.0 561.0
693.0258828964761 624.0 579.0 562.0
693.3495074775747 613.0 510.0 592.0
693.6731320586732 672.0 534.0 532.0
693.9967566397718 716.0 527.0 566.0
694.3203812208703 705.0 482.0 512.0
694.6440058019689 732.0 528.0 515.0
694.9676303830674 702.0 507.0 514.0
695.291254964166 718.0 550.0 502.0
695.6148795452646 682.0 529.0 461.0
695.9385041263631 615.0 539.0 506.0
696.2621287074617 654.0 538.0 530.0
696.5857532885602 663.0 508.0 504.0
696.9093778696588 588.0 541.0 579.0
697.2330024507573 624.0 507.0 490.0
697.5566270318559 621.0 507.0 551.0
697.8802516129545 654.0 494.0 523.0
698.203876194053 631.0 478.0 541.0
698.5275007751516 604.0 497.0 503.0
698.8511253562501 638.0 498.0 521.0
699.1747499373487 618.0 551.0 505.0
699.4983745184472 604.0 481.0 591.0
699.8219990995458 632.0 560.0 541.0
700.1456236806443 631.0 536.0 497.0
700.4692482617429 638.0 542.0 617.0
700.7928728428415 651.0 610.0 633.0
701.11649742394 618.0 562.0 600.0
701.4401220050386 626.0 522.0 646.0
701.7637465861371 617.0 521.0 581.0
702.0873711672357 610.0 525.0 558.0
702.4109957483342 629.0 587.0 531.0
702.7346203294328 599.0 568.0 573.0
703.0582449105314 638.0 575.0 514.0
703.3818694916299 616.0 520.0 560.0
703.7054940727285 618.0 505.0 525.0
704.029118653827 647.0 522.0 565.0
704.3527432349256 610.0 439.0 533.0
704.6763678160241 656.0 451.0 505.0
704.9999923971227 583.0 439.0 483.0
705.3236169782213 637.0 476.0 418.0
705.6472415593198 721.0 420.0 494.0
705.9708661404184 641.0 491.0 465.0
706.2944907215169 682.0 517.0 493.0
706.6181153026155 706.0 484.0 501.0
706.941739883714 718.0 464.0 512.0
707.2653644648126 613.0 517.0 488.0
707.5889890459111 660.0 533.0 550.0
707.9126136270097 586.0 529.0 549.0
708.2362382081083 637.0 564.0 493.0
708.5598627892068 650.0 496.0 538.0
708.8834873703054 658.0 554.0 465.0
709.2071119514039 655.0 562.0 509.0
709.5307365325025 584.0 541.0 542.0
709.854361113601 641.0 540.0 522.0
710.1779856946996 561.0 549.0 477.0
710.5016102757982 551.0 422.0 475.0
710.8252348568967 546.0 465.0 463.0
711.1488594379953 553.0 442.0 496.0
711.4724840190938 580.0 415.0 422.0
711.7961086001924 528.0 414.0 481.0
712.1197331812909 538.0 497.0 428.0
712.4433577623895 530.0 440.0 525.0
712.766982343488 475.0 456.0 434.0
713.0906069245866 512.0 502.0 487.0
713.4142315056852 582.0 474.0 484.0
713.7378560867837 582.0 504.0 489.0
714.0614806678823 642.0 513.0 502.0
714.3851052489808 681.0 532.0 496.0
714.7087298300794 668.0 535.0 489.0
715.032354411178 740.0 474.0 531.0
715.3559789922765 705.0 500.0 483.0
715.6796035733751 665.0 430.0 509.0
716.0032281544736 640.0 494.0 495.0
716.3268527355722 609.0 513.0 449.0
716.6504773166707 602.0 489.0 478.0
716.9741018977693 587.0 468.0 473.0
717.2977264788678 600.0 514.0 497.0
717.6213510599664 603.0 496.0 556.0
717.944975641065 635.0 568.0 549.0
718.2686002221635 627.0 544.0 515.0
718.5922248032621 630.0 484.0 475.0
718.9158493843606 561.0 500.0 502.0
719.2394739654592 548.0 520.0 494.0
719.5630985465577 592.0 434.0 422.0
719.8867231276563 592.0 513.0 490.0
720.2103477087549 546.0 483.0 500.0
720.5339722898534 644.0 506.0 507.0
720.857596870952 628.0 480.0 497.0
721.1812214520505 640.0 481.0 498.0
721.5048460331491 618.0 452.0 509.0
721.8284706142476 578.0 485.0 429.0
722.1520951953462 581.0 476.0 437.0
722.4757197764447 570.0 489.0 483.0
722.7993443575433 585.0 510.0 521.0
723.1229689386419 525.0 535.0 509.0
723.4465935197404 552.0 489.0 526.0
723.770218100839 613.0 519.0 511.0
724.0938426819375 586.0 454.0 491.0
724.4174672630361 634.0 478.0 514.0
724.7410918441346 601.0 535.0 533.0
725.0647164252332 612.0 497.0 494.0
725.3883410063318 590.0 483.0 491.0
725.7119655874303 547.0 506.0 489.0
726.0355901685289 531.0 489.0 527.0
726.3592147496274 550.0 490.0 506.0
726.682839330726 639.0 429.0 487.0
727.0064639118245 564.0 411.0 479.0
727.3300884929231 611.0 381.0 501.0
727.6537130740217 541.0 444.0 492.0
727.9773376551202 609.0 522.0 491.0
728.3009622362188 516.0 499.0 535.0
728.6245868173173 575.0 497.0 478.0
728.9482113984159 520.0 483.0 510.0
729.2718359795144 565.0 422.0 446.0
729.595460560613 572.0 523.0 406.0
729.9190851417115 548.0 529.0 441.0
730.2427097228101 577.0 462.0 472.0
730.5663343039087 586.0 416.0 510.0
730.8899588850072 566.0 418.0 499.0
731.2135834661058 529.0 410.0 451.0
731.5372080472043 571.0 369.0 568.0
731.8608326283029 513.0 472.0 495.0
732.1844572094014 529.0 432.0 506.0
732.5080817905 497.0 366.0 494.0
732.8317063715986 476.0 369.0 479.0
733.1553309526971 553.0 358.0 422.0
733.4789555337957 596.0 396.0 418.0
733.8025801148942 575.0 431.0 363.0
734.1262046959928 532.0 488.0 455.0
734.4498292770913 582.0 477.0 409.0
734.7734538581899 527.0 483.0 386.0
735.0970784392885 524.0 493.0 397.0
735.420703020387 531.0 362.0 412.0
735.7443276014856 533.0 392.0 386.0
736.0679521825841 551.0 378.0 446.0
736.3915767636827 592.0 395.0 431.0
736.7152013447812 567.0 393.0 452.0
737.0388259258798 546.0 450.0 436.0
737.3624505069783 558.0 431.0 427.0
737.6860750880769 504.0 445.0 445.0
738.0096996691755 562.0 432.0 411.0
738.333324250274 565.0 429.0 463.0
738.6569488313726 587.0 457.0 455.0
738.9805734124711 539.0 487.0 443.0
739.3041979935697 539.0 459.0 472.0
739.6278225746682 521.0 465.0 486.0
739.9514471557668 598.0 416.0 483.0
740.2750717368654 514.0 428.0 443.0
740.5986963179639 537.0 437.0 433.0
740.9223208990625 489.0 467.0 433.0
741.245945480161 549.0 486.0 465.0
741.5695700612596 539.0 476.0 465.0
741.8931946423581 525.0 411.0 459.0
742.2168192234567 560.0 401.0 469.0
742.5404438045553 581.0 400.0 544.0
742.8640683856538 515.0 401.0 538.0
743.1876929667524 553.0 391.0 478.0
743.5113175478509 565.0 421.0 481.0
743.8349421289495 548.0 418.0 458.0
744.158566710048 516.0 372.0 488.0
744.4821912911466 561.0 424.0 440.0
744.8058158722451 502.0 413.0 384.0
745.1294404533437 457.0 523.0 454.0
745.4530650344423 454.0 443.0 420.0
745.7766896155408 507.0 425.0 415.0
746.1003141966394 492.0 480.0 413.0
746.4239387777379 464.0 430.0 379.0
746.7475633588365 466.0 365.0 437.0
747.071187939935 530.0 382.0 455.0
747.3948125210336 564.0 369.0 470.0
747.7184371021322 576.0 360.0 461.0
748.0420616832307 552.0 462.0 452.0
748.3656862643293 569.0 384.0 454.0
748.6893108454278 604.0 404.0 405.0
749.0129354265264 530.0 441.0 442.0
749.3365600076249 507.0 404.0 427.0
749.6601845887235 490.0 370.0 413.0
749.983809169822 508.0 461.0 445.0
750.3074337509206 488.0 446.0 398.0
750.6310583320192 533.0 421.0 370.0
750.9546829131177 504.0 405.0 374.0
751.2783074942163 573.0 379.0 426.0
751.6019320753148 558.0 342.0 395.0
751.9255566564134 495.0 373.0 451.0
752.249181237512 540.0 360.0 350.0
752.5728058186105 567.0 383.0 428.0
752.8964303997091 543.0 384.0 466.0
753.2200549808076 557.0 444.0 490.0
753.5436795619062 550.0 412.0 483.0
753.8673041430047 525.0 444.0 461.0
754.1909287241033 503.0 432.0 406.0
754.5145533052018 543.0 409.0 412.0
754.8381778863004 512.0 415.0 427.0
755.161802467399 567.0 350.0 380.0
755.4854270484975 549.0 352.0 379.0
755.8090516295961 560.0 386.0 387.0
756.1326762106946 527.0 400.0 383.0
756.4563007917932 540.0 400.0 343.0
756.7799253728917 501.0 389.0 402.0
757.1035499539903 468.0 372.0 373.0
757.4271745350889 480.0 382.0 405.0
757.7507991161874 477.0 388.0 389.0
758.074423697286 435.0 389.0 455.0
758.3980482783845 470.0 418.0 413.0
758.7216728594831 488.0 351.0 366.0
759.0452974405816 508.0 366.0 400.0
759.3689220216802 511.0 359.0 396.0
759.6925466027787 533.0 374.0 379.0
760.0161711838773 534.0 341.0 410.0
760.3397957649759 509.0 364.0 384.0
760.6634203460744 530.0 410.0 372.0
760.987044927173 530.0 367.0 349.0
761.3106695082715 550.0 369.0 356.0
761.6342940893701 566.0 399.0 337.0
761.9579186704686 534.0 370.0 383.0
762.2815432515672 496.0 382.0 389.0
762.6051678326658 529.0 387.0 347.0
762.9287924137643 499.0 398.0 333.0
763.2524169948629 517.0 438.0 351.0
763.5760415759614 513.0 370.0 384.0
763.89966615706 497.0 388.0 377.0
764.2232907381585 434.0 362.0 380.0
764.5469153192571 548.0 411.0 379.0
764.8705399003557 506.0 412.0 367.0
765.1941644814542 558.0 415.0 374.0
765.5177890625528 508.0 408.0 401.0
765.8414136436513 468.0 369.0 428.0
766.1650382247499 433.0 397.0 448.0
766.4886628058484 464.0 418.0 424.0
766.812287386947 472.0 382.0 521.0
767.1359119680455 550.0 351.0 453.0
767.4595365491441 490.0 344.0 409.0
767.7831611302427 463.0 305.0 374.0
768.1067857113412 428.0 295.0 384.0
768.4304102924398 487.0 330.0 386.0
768.7540348735383 523.0 339.0 325.0
769.0776594546369 554.0 373.0 351.0
769.4012840357354 533.0 315.0 388.0
769.724908616834 571.0 397.0 397.0
770.0485331979326 518.0 392.0 396.0
770.3721577790311 541.0 391.0 397.0
770.6957823601297 499.0 375.0 431.0
771.0194069412282 535.0 462.0 407.0
771.3430315223268 471.0 394.0 385.0
771.6666561034253 390.0 350.0 355.0
771.9902806845239 418.0 369.0 411.0
772.3139052656225 469.0 364.0 430.0
772.637529846721 486.0 331.0 357.0
772.9611544278196 486.0 372.0 395.0
773.2847790089181 472.0 406.0 437.0
773.6084035900167 535.0 404.0 437.0
773.9320281711152 470.0 400.0 440.0
774.2556527522138 476.0 430.0 378.0
774.5792773333123 480.0 414.0 338.0
774.9029019144109 454.0 426.0 361.0
775.2265264955095 475.0 433.0 353.0
775.550151076608 468.0 432.0 356.0
775.8737756577066 446.0 378.0 346.0
776.1974002388051 441.0 411.0 356.0
776.5210248199037 442.0 356.0 344.0
776.8446494010022 488.0 391.0 374.0
777.1682739821008 486.0 360.0 351.0
777.4918985631994 462.0 368.0 387.0
777.8155231442979 450.0 359.0 396.0
778.1391477253965 419.0 366.0 368.0
778.462772306495 400.0 361.0 340.0
778.7863968875936 436.0 413.0 372.0
779.1100214686921 445.0 410.0 345.0
779.4336460497907 434.0 382.0 379.0
779.7572706308893 508.0 345.0 356.0
780.0808952119878 494.0 305.0 360.0
780.4045197930864 492.0 343.0 362.0
780.7281443741849 527.0 354.0 379.0
781.0517689552835 528.0 327.0 368.0
781.375393536382 449.0 340.0 330.0
781.6990181174806 414.0 344.0 357.0
782.0226426985791 399.0 333.0 337.0
782.3462672796777 393.0 347.0 349.0
782.6698918607763 448.0 395.0 362.0
782.9935164418748 454.0 378.0 328.0
783.3171410229734 426.0 373.0 414.0
783.6407656040719 463.0 390.0 426.0
783.9643901851705 458.0 398.0 398.0
784.288014766269 504.0 430.0 399.0
784.6116393473676 515.0 353.0 382.0
784.9352639284662 517.0 367.0 372.0
785.2588885095647 556.0 365.0 367.0
785.5825130906633 556.0 351.0 388.0
785.9061376717618 565.0 375.0 347.0
786.2297622528604 533.0 418.0 369.0
786.5533868339589 546.0 376.0 319.0
786.8770114150575 604.0 387.0 341.0
787.200635996156 646.0 408.0 364.0
787.5242605772546 758.0 486.0 336.0
787.8478851583532 901.0 463.0 357.0
788.1715097394517 1024.0 509.0 397.0
788.4951343205503 1160.0 525.0 384.0
788.8187589016488 1182.0 590.0 338.0
789.1423834827474 1123.0 631.0 307.0
789.466008063846 1263.0 634.0 316.0
789.7896326449445 1188.0 558.0 323.0
790.1132572260431 1049.0 559.0 354.0
790.4368818071416 939.0 573.0 397.0
790.7605063882402 778.0 554.0 398.0
791.0841309693387 672.0 530.0 375.0
791.4077555504373 591.0 470.0 366.0
791.7313801315358 550.0 380.0 367.0
792.0550047126344 472.0 383.0 415.0
792.378629293733 452.0 341.0 367.0
792.7022538748315 531.0 356.0 381.0
793.0258784559301 498.0 369.0 343.0
793.3495030370286 519.0 390.0 340.0
793.6731276181272 498.0 377.0 352.0
793.9967521992257 460.0 372.0 298.0
794.3203767803243 553.0 357.0 349.0
794.6440013614229 535.0 377.0 343.0
794.9676259425214 460.0 373.0 380.0
795.29125052362 483.0 362.0 347.0
795.6148751047185 480.0 408.0 391.0
795.9384996858171 462.0 392.0 341.0
796.2621242669156 521.0 446.0 337.0
796.5857488480142 484.0 366.0 368.0
796.9093734291127 490.0 364.0 415.0
797.2329980102113 480.0 369.0 405.0
797.5566225913099 456.0 397.0 358.0
797.8802471724084 424.0 335.0 374.0
798.203871753507 434.0 323.0 327.0
798.5274963346055 464.0 314.0 345.0
798.8511209157041 465.0 296.0 344.0
799.1747454968026 465.0 369.0 387.0
799.4983700779012 421.0 347.0 369.0
799.8219946589998 426.0 329.0 355.0
800.1456192400983 473.0 352.0 316.0
800.4692438211969 446.0 341.0 331.0
800.7928684022954 453.0 337.0 324.0
801.116492983394 440.0 326.0 376.0
801.4401175644925 405.0 338.0 383.0
801.7637421455911 452.0 382.0 357.0
802.0873667266897 494.0 365.0 328.0
802.4109913077882 464.0 344.0 306.0
802.7346158888868 498.0 402.0 329.0
803.0582404699853 602.0 446.0 372.0
803.3818650510839 665.0 455.0 348.0
803.7054896321824 758.0 474.0 379.0
804.029114213281 875.0 411.0 396.0
804.3527387943795 942.0 539.0 389.0
804.6763633754781 1125.0 540.0 440.0
804.9999879565767 1263.0 563.0 465.0
805.3236125376752 1234.0 568.0 408.0
805.6472371187738 1356.0 596.0 415.0
805.9708616998723 1215.0 673.0 445.0
806.2944862809709 1244.0 634.0 460.0
806.6181108620694 1126.0 624.0 479.0
806.941735443168 1005.0 620.0 473.0
807.2653600242666 812.0 534.0 532.0
807.5889846053651 883.0 569.0 560.0
807.9126091864637 717.0 550.0 565.0
808.2362337675622 709.0 507.0 532.0
808.5598583486608 645.0 510.0 554.0
808.8834829297593 700.0 439.0 589.0
809.2071075108579 625.0 449.0 573.0
809.5307320919565 562.0 401.0 569.0
809.854356673055 587.0 449.0 509.0
810.1779812541536 574.0 451.0 518.0
810.5016058352521 533.0 402.0 516.0
810.8252304163507 564.0 394.0 433.0
811.1488549974492 498.0 412.0 504.0
811.4724795785478 578.0 407.0 471.0
811.7961041596463 509.0 431.0 442.0
812.1197287407449 519.0 414.0 444.0
812.4433533218435 549.0 388.0 405.0
812.766977902942 580.0 385.0 398.0
813.0906024840406 633.0 406.0 363.0
813.4142270651391 532.0 435.0 400.0
813.7378516462377 556.0 382.0 426.0
814.0614762273362 578.0 431.0 366.0
814.3851008084348 541.0 379.0 432.0
814.7087253895334 547.0 356.0 331.0
815.0323499706319 502.0 378.0 365.0
815.3559745517305 487.0 363.0 355.0
815.679599132829 552.0 416.0 287.0
816.0032237139276 525.0 424.0 297.0
816.3268482950261 624.0 353.0 289.0
816.6504728761247 633.0 405.0 287.0
816.9740974572233 567.0 400.0 276.0
817.2977220383218 621.0 409.0 296.0
817.6213466194204 562.0 424.0 294.0
817.9449712005189 578.0 401.0 325.0
818.2685957816175 520.0 359.0 336.0
818.592220362716 548.0 362.0 353.0
818.9158449438146 592.0 403.0 345.0
819.2394695249131 524.0 422.0 328.0
819.5630941060117 602.0 362.0 306.0
819.8867186871103 560.0 434.0 330.0
820.2103432682088 504.0 407.0 339.0
820.5339678493074 621.0 452.0 356.0
820.8575924304059 552.0 416.0 356.0
821.1812170115045 589.0 337.0 371.0
821.504841592603 511.0 342.0 359.0
821.8284661737016 506.0 317.0 350.0
822.1520907548002 517.0 395.0 444.0
822.4757153358987 501.0 381.0 348.0
822.7993399169973 500.0 363.0 338.0
823.1229644980958 474.0 341.0 347.0
823.4465890791944 541.0 307.0 409.0
823.7702136602929 501.0 317.0 414.0
824.0938382413915 500.0 312.0 405.0
824.41746282249 495.0 370.0 374.0
824.7410874035886 491.0 292.0 405.0
825.0647119846872 503.0 328.0 426.0
825.3883365657857 493.0 341.0 448.0
825.7119611468843 464.0 360.0 386.0
826.0355857279828 513.0 350.0 420.0
826.3592103090814 508.0 340.0 403.0
826.68283489018 578.0 337.0 421.0
827.0064594712785 527.0 386.0 392.0
827.3300840523771 517.0 356.0 410.0
827.6537086334756 541.0 326.0 425.0
827.9773332145742 548.0 333.0 411.0
828.3009577956727 510.0 349.0 364.0
828.6245823767713 498.0 405.0 384.0
828.9482069578698 530.0 375.0 383.0
829.2718315389684 536.0 381.0 369.0
829.595456120067 544.0 352.0 346.0
829.9190807011655 503.0 419.0 382.0
830.2427052822641 500.0 382.0 326.0
830.5663298633626 516.0 412.0 379.0
830.8899544444612 534.0 406.0 393.0
831.2135790255597 503.0 412.0 440.0
831.5372036066583 463.0 367.0 389.0
831.8608281877569 498.0 353.0 430.0
832.1844527688554 524.0 355.0 401.0
832.508077349954 518.0 378.0 401.0
832.8317019310525 487.0 334.0 376.0
833.1553265121511 465.0 328.0 381.0
833.4789510932496 538.0 308.0 370.0
833.8025756743482 533.0 347.0 400.0
834.1262002554467 593.0 358.0 392.0
834.4498248365453 498.0 368.0 390.0
834.7734494176439 557.0 346.0 410.0
835.0970739987424 592.0 385.0 447.0
835.420698579841 511.0 415.0 358.0
835.7443231609395 546.0 401.0 440.0
836.0679477420381 460.0 349.0 405.0
836.3915723231366 507.0 364.0 453.0
836.7151969042352 455.0 393.0 397.0
837.0388214853338 485.0 364.0 371.0
837.3624460664323 440.0 374.0 414.0
837.6860706475309 513.0 344.0 444.0
838.0096952286294 533.0 411.0 429.0
838.333319809728 502.0 356.0 431.0
838.6569443908265 524.0 383.0 447.0
838.9805689719251 499.0 376.0 399.0
839.3041935530237 530.0 362.0 388.0
839.6278181341222 497.0 366.0 421.0
839.9514427152208 490.0 387.0 360.0
840.2750672963193 507.0 368.0 383.0
840.5986918774179 482.0 390.0 382.0
840.9223164585164 461.0 344.0 356.0
841.245941039615 435.0 367.0 397.0
841.5695656207135 462.0 374.0 401.0
841.8931902018121 454.0 382.0 406.0
842.2168147829107 464.0 373.0 372.0
842.5404393640092 437.0 357.0 344.0
842.8640639451078 444.0 399.0 344.0
843.1876885262063 374.0 367.0 371.0
843.5113131073049 481.0 406.0 350.0
843.8349376884034 506.0 350.0 400.0
844.158562269502 502.0 358.0 336.0
844.4821868506006 482.0 345.0 369.0
844.8058114316991 460.0 306.0 337.0
845.1294360127977 448.0 360.0 350.0
845.4530605938962 463.0 341.0 424.0
845.7766851749948 530.0 369.0 353.0
846.1003097560933 448.0 364.0 389.0
846.4239343371919 434.0 344.0 397.0
846.7475589182905 501.0 343.0 422.0
847.071183499389 435.0 348.0 411.0
847.3948080804876 498.0 343.0 445.0
847.7184326615861 493.0 319.0 389.0
848.0420572426847 495.0 306.0 460.0
848.3656818237832 519.0 308.0 471.0
848.6893064048818 450.0 323.0 447.0
849.0129309859803 489.0 338.0 396.0
849.3365555670789 402.0 342.0 411.0
849.6601801481775 410.0 366.0 353.0
849.983804729276 478.0 384.0 369.0
850.3074293103746 439.0 376.0 366.0
850.6310538914731 427.0 401.0 392.0
850.9546784725717 445.0 381.0 440.0
851.2783030536702 474.0 367.0 443.0
851.6019276347688 460.0 361.0 394.0
851.9255522158674 417.0 397.0 450.0
852.2491767969659 436.0 330.0 444.0
852.5728013780645 445.0 349.0 451.0
852.896425959163 418.0 367.0 397.0
853.2200505402616 427.0 355.0 373.0
853.5436751213601 435.0 289.0 357.0
853.8672997024587 401.0 364.0 360.0
854.1909242835573 474.0 357.0 444.0
854.5145488646558 459.0 329.0 394.0
854.8381734457544 380.0 304.0 402.0
855.1617980268529 427.0 308.0 436.0
855.4854226079515 408.0 316.0 440.0
855.80904718905 388.0 368.0 453.0
856.1326717701486 481.0 373.0 422.0
856.4562963512471 522.0 360.0 424.0
856.7799209323457 463.0 332.0 449.0
857.1035455134443 463.0 345.0 434.0
857.4271700945428 385.0 325.0 427.0
857.7507946756414 406.0 311.0 421.0
858.0744192567399 420.0 275.0 392.0
858.3980438378385 467.0 364.0 354.0
858.721668418937 428.0 301.0 417.0
859.0452930000356 441.0 337.0 390.0
859.3689175811342 452.0 304.0 353.0
859.6925421622327 445.0 312.0 367.0
860.0161667433313 447.0 281.0 419.0
860.3397913244298 464.0 322.0 434.0
860.6634159055284 435.0 253.0 423.0
860.9870404866269 411.0 309.0 382.0
861.3106650677255 416.0 339.0 394.0
861.634289648824 425.0 343.0 383.0
861.9579142299226 425.0 329.0 350.0
862.2815388110212 375.0 331.0 405.0
862.6051633921197 442.0 300.0 388.0
862.9287879732183 487.0 315.0 382.0
863.2524125543168 518.0 322.0 389.0
863.5760371354154 468.0 310.0 328.0
863.899661716514 463.0 372.0 336.0
864.2232862976125 482.0 289.0 363.0
864.5469108787111 481.0 321.0 340.0
864.8705354598096 513.0 307.0 306.0
865.1941600409082 471.0 316.0 327.0
865.5177846220067 449.0 332.0 372.0
865.8414092031053 497.0 307.0 358.0
866.1650337842038 459.0 331.0 421.0
866.4886583653024 478.0 323.0 391.0
866.812282946401 505.0 344.0 348.0
867.1359075274995 448.0 268.0 393.0
867.4595321085981 463.0 292.0 374.0
867.7831566896966 468.0 252.0 363.0
868.1067812707952 522.0 334.0 320.0
868.4304058518937 443.0 303.0 391.0
868.7540304329923 418.0 304.0 356.0
869.0776550140909 425.0 320.0 424.0
869.4012795951894 462.0 287.0 393.0
869.724904176288 452.0 267.0 399.0
870.0485287573865 482.0 267.0 371.0
870.3721533384851 416.0 282.0 392.0
870.6957779195836 457.0 293.0 381.0
871.0194025006822 410.0 234.0 329.0
871.3430270817807 436.0 281.0 348.0
871.6666516628793 441.0 274.0 356.0
871.9902762439779 473.0 256.0 389.0
872.3139008250764 451.0 288.0 412.0
872.637525406175 401.0 291.0 397.0
872.9611499872735 421.0 303.0 384.0
873.2847745683721 427.0 274.0 395.0
873.6083991494706 461.0 285.0 363.0
873.9320237305692 438.0 302.0 342.0
874.2556483116678 377.0 325.0 352.0
874.5792728927663 425.0 287.0 318.0
874.9028974738649 390.0 309.0 386.0
875.2265220549634 380.0 296.0 389.0
875.550146636062 414.0 301.0 393.0
875.8737712171605 439.0 333.0 369.0
876.1973957982591 473.0 381.0 378.0
876.5210203793577 467.0 388.0 352.0
876.8446449604562 456.0 372.0 350.0
877.1682695415548 419.0 362.0 361.0
877.4918941226533 383.0 295.0 396.0
877.8155187037519 434.0 305.0 429.0
878.1391432848504 434.0 321.0 424.0
878.462767865949 369.0 273.0 403.0
878.7863924470475 386.0 268.0 405.0
879.1100170281461 401.0 301.0 366.0
879.4336416092447 361.0 281.0 420.0
879.7572661903432 413.0 259.0 357.0
880.0808907714418 434.0 280.0 386.0
880.4045153525403 392.0 275.0 367.0
880.7281399336389 364.0 256.0 395.0
881.0517645147374 415.0 334.0 396.0
881.375389095836 429.0 315.0 354.0
881.6990136769346 421.0 280.0 372.0
882.0226382580331 403.0 295.0 330.0
882.3462628391317 372.0 315.0 336.0
882.6698874202302 416.0 328.0 381.0
882.9935120013288 419.0 304.0 352.0
883.3171365824273 402.0 342.0 383.0
883.6407611635259 402.0 310.0 359.0
883.9643857446245 385.0 303.0 306.0
884.288010325723 379.0 306.0 299.0
884.6116349068216 434.0 306.0 315.0
884.9352594879201 394.0 340.0 291.0
885.2588840690187 383.0 328.0 310.0
885.5825086501172 400.0 333.0 373.0
885.9061332312158 366.0 284.0 360.0
886.2297578123143 416.0 274.0 345.0
886.5533823934129 411.0 308.0 392.0
886.8770069745115 408.0 306.0 357.0
887.20063155561 411.0 302.0 390.0
887.5242561367086 400.0 265.0 331.0
887.8478807178071 390.0 326.0 329.0
888.1715052989057 374.0 313.0 325.0
888.4951298800042 392.0 321.0 306.0
888.8187544611028 366.0 289.0 338.0
889.1423790422014 374.0 290.0 340.0
889.4660036232999 444.0 287.0 384.0
889.7896282043985 406.0 303.0 351.0
890.113252785497 392.0 261.0 390.0
890.4368773665956 436.0 280.0 340.0
890.7605019476941 423.0 304.0 383.0
891.0841265287927 400.0 289.0 379.0
891.4077511098913 399.0 290.0 383.0
891.7313756909898 421.0 290.0 357.0
892.0550002720884 387.0 243.0 369.0
892.3786248531869 401.0 298.0 362.0
892.7022494342855 403.0 330.0 328.0
893.025874015384 378.0 296.0 302.0
893.3494985964826 365.0 318.0 313.0
893.6731231775811 402.0 288.0 315.0
893.9967477586797 419.0 289.0 283.0
894.3203723397783 398.0 281.0 315.0
894.6439969208768 381.0 251.0 319.0
894.9676215019754 369.0 235.0 325.0
895.2912460830739 402.0 216.0 326.0
895.6148706641725 406.0 234.0 323.0
895.938495245271 366.0 235.0 310.0
896.2621198263696 452.0 253.0 337.0
896.5857444074682 369.0 252.0 362.0
896.9093689885667 365.0 263.0 297.0
897.2329935696653 408.0 266.0 316.0
897.5566181507638 340.0 268.0 332.0
897.8802427318624 416.0 307.0 307.0
898.2038673129609 408.0 268.0 321.0
898.5274918940595 351.0 260.0 365.0
898.851116475158 350.0 298.0 355.0
899.1747410562566 348.0 235.0 372.0
899.4983656373552 388.0 257.0 359.0
899.8219902184537 360.0 290.0 408.0
900.1456147995523 380.0 317.0 367.0
900.4692393806508 370.0 300.0 324.0
900.7928639617494 351.0 323.0 349.0
901.116488542848 342.0 279.0 309.0
901.4401131239465 350.0 267.0 314.0
901.7637377050451 308.0 265.0 321.0
902.0873622861436 327.0 312.0 379.0
902.4109868672422 344.0 300.0 358.0
902.7346114483407 315.0 283.0 342.0
903.0582360294393 351.0 264.0 363.0
903.3818606105378 392.0 251.0 289.0
903.7054851916364 365.0 302.0 317.0
904.029109772735 346.0 298.0 304.0
904.3527343538335 434.0 233.0 347.0
904.6763589349321 431.0 242.0 388.0
904.9999835160306 342.0 241.0 363.0
905.3236080971292 395.0 223.0 332.0
905.6472326782277 371.0 228.0 368.0
905.9708572593263 383.0 262.0 337.0
906.2944818404249 406.0 262.0 377.0
906.6181064215234 383.0 278.0 303.0
906.941731002622 352.0 274.0 329.0
907.2653555837205 390.0 283.0 318.0
907.5889801648191 399.0 287.0 298.0
907.9126047459176 405.0 282.0 330.0
908.2362293270162 386.0 265.0 284.0
908.5598539081147 380.0 277.0 333.0
908.8834784892133 337.0 247.0 292.0
909.2071030703119 365.0 250.0 312.0
909.5307276514104 354.0 256.0 287.0
909.854352232509 325.0 256.0 342.0
910.1779768136075 400.0 245.0 334.0
910.5016013947061 373.0 256.0 298.0
910.8252259758046 344.0 248.0 332.0
911.1488505569032 383.0 228.0 332.0
911.4724751380018 374.0 265.0 309.0
911.7960997191003 366.0 243.0 317.0
912.1197243001989 366.0 217.0 315.0
912.4433488812974 320.0 276.0 300.0
912.766973462396 321.0 293.0 340.0
913.0905980434945 334.0 276.0 308.0
913.4142226245931 292.0 257.0 298.0
913.7378472056917 348.0 285.0 319.0
914.0614717867902 333.0 274.0 319.0
914.3850963678888 338.0 255.0 344.0
914.7087209489873 358.0 261.0 358.0
915.0323455300859 371.0 306.0 316.0
915.3559701111844 388.0 276.0 350.0
915.679594692283 325.0 277.0 318.0
916.0032192733815 353.0 298.0 330.0
916.3268438544801 390.0 329.0 356.0
916.6504684355787 410.0 249.0 337.0
916.9740930166772 424.0 257.0 288.0
917.2977175977758 409.0 233.0 340.0
917.6213421788743 416.0 204.0 314.0
917.9449667599729 418.0 236.0 333.0
918.2685913410714 355.0 254.0 328.0
918.59221592217 359.0 240.0 336.0
918.9158405032686 391.0 270.0 339.0
919.2394650843671 345.0 274.0 310.0
919.5630896654657 357.0 266.0 331.0
919.8867142465642 343.0 250.0 302.0
920.2103388276628 326.0 266.0 321.0
920.5339634087613 369.0 280.0 294.0
920.8575879898599 374.0 291.0 288.0
921.1812125709585 343.0 260.0 278.0
921.504837152057 378.0 301.0 289.0
921.8284617331556 349.0 255.0 281.0
922.1520863142541 358.0 306.0 322.0
922.4757108953527 361.0 289.0 277.0
922.7993354764512 365.0 284.0 281.0
923.1229600575498 365.0 253.0 346.0
923.4465846386483 359.0 232.0 270.0
923.7702092197469 320.0 280.0 290.0
924.0938338008455 321.0 224.0 309.0
924.417458381944 339.0 232.0 300.0
924.7410829630426 311.0 267.0 345.0
925.0647075441411 330.0 223.0 338.0
925.3883321252397 332.0 253.0 313.0
925.7119567063382 342.0 233.0 342.0
926.0355812874368 337.0 251.0 364.0
926.3592058685354 352.0 257.0 301.0
926.6828304496339 352.0 233.0 340.0
927.0064550307325 329.0 286.0 311.0
927.330079611831 288.0 247.0 368.0
927.6537041929296 389.0 233.0 308.0
927.9773287740281 368.0 229.0 313.0
928.3009533551267 352.0 221.0 341.0
928.6245779362253 348.0 225.0 296.0
928.9482025173238 375.0 251.0 301.0
929.2718270984224 331.0 258.0 289.0
929.5954516795209 390.0 234.0 305.0
929.9190762606195 327.0 265.0 336.0
930.242700841718 385.0 266.0 379.0
930.5663254228166 395.0 234.0 392.0
930.8899500039151 352.0 231.0 351.0
931.2135745850137 382.0 254.0 320.0
931.5371991661123 349.0 269.0 358.0
931.8608237472108 333.0 269.0 384.0
932.1844483283094 318.0 268.0 397.0
932.5080729094079 283.0 289.0 356.0
932.8316974905065 335.0 335.0 479.0
933.155322071605 330.0 298.0 426.0
933.4789466527036 362.0 376.0 412.0
933.8025712338022 405.0 331.0 448.0
934.1261958149007 417.0 366.0 477.0
934.4498203959993 351.0 377.0 523.0
934.7734449770978 383.0 425.0 506.0
935.0970695581964 418.0 447.0 530.0
935.4206941392949 426.0 474.0 603.0
935.7443187203935 375.0 486.0 654.0
936.067943301492 370.0 600.0 635.0
936.3915678825906 411.0 593.0 669.0
936.7151924636892 382.0 628.0 673.0
937.0388170447877 396.0 655.0 625.0
937.3624416258863 350.0 628.0 686.0
937.6860662069848 401.0 644.0 660.0
938.0096907880834 427.0 648.0 682.0
938.333315369182 377.0 621.0 681.0
938.6569399502805 371.0 590.0 612.0
938.9805645313791 367.0 585.0 591.0
939.3041891124776 379.0 510.0 585.0
939.6278136935762 318.0 488.0 499.0
939.9514382746747 361.0 434.0 544.0
940.2750628557733 329.0 412.0 505.0
940.5986874368718 398.0 398.0 442.0
940.9223120179704 388.0 381.0 441.0
941.245936599069 338.0 365.0 396.0
941.5695611801675 331.0 359.0 362.0
941.8931857612661 335.0 369.0 319.0
942.2168103423646 358.0 310.0 338.0
942.5404349234632 336.0 290.0 340.0
942.8640595045617 330.0 263.0 288.0
943.1876840856603 327.0 295.0 331.0
943.5113086667589 279.0 268.0 327.0
943.8349332478574 306.0 296.0 307.0
944.158557828956 267.0 295.0 300.0
944.4821824100545 296.0 267.0 263.0
944.8058069911531 312.0 299.0 299.0
945.1294315722516 293.0 282.0 342.0
945.4530561533502 352.0 284.0 302.0
945.7766807344487 284.0 274.0 362.0
946.1003053155473 334.0 272.0 344.0
946.4239298966459 320.0 279.0 295.0
946.7475544777444 360.0 292.0 340.0
947.071179058843 329.0 259.0 273.0
947.3948036399415 345.0 252.0 339.0
947.7184282210401 308.0 258.0 266.0
948.0420528021386 300.0 263.0 289.0
948.3656773832372 297.0 256.0 296.0
948.6893019643358 328.0 242.0 328.0
949.0129265454343 308.0 238.0 364.0
949.3365511265329 317.0 228.0 374.0
949.6601757076314 317.0 269.0 346.0
949.98380028873 285.0 291.0 292.0
950.3074248698285 328.0 274.0 344.0
950.6310494509271 340.0 244.0 372.0
950.9546740320257 349.0 248.0 314.0
951.2782986131242 318.0 262.0 336.0
951.6019231942228 311.0 279.0 342.0
951.9255477753213 320.0 292.0 301.0
