528.0399990987778 131.65695438521485
528.3639990997315 132.96039783979634
528.6879991006851 135.0312803999048
529.0119991016388 137.78955082657254
529.3359991025925 140.99689379400564
529.6599991035462 144.29086126584852
529.9839991044998 147.2543349234426
530.3079991054535 149.50461343997034
530.6319991064072 150.78210406599518
530.9559991073609 151.01037391967304
531.2799991083145 150.31448811570195
531.6039991092682 148.99388243098596
531.9279991102219 147.45681476517925
532.2519991111756 146.1360644975602
532.5759991121292 145.4051483593185
532.8999991130829 145.5120520920494
533.2239991140366 146.54140004141448
533.5479991149903 148.4081067567791
533.8719991159439 150.88280067875525
534.1959991168976 153.64275179947708
534.5199991178513 156.3348121322346
534.843999118805 158.6409941211224
535.1679991197586 160.33271126904097
535.4919991207123 161.30349948227882
535.815999121666 161.5741130999564
536.1399991226197 161.26804551285665
536.4639991235733 160.56508414163065
536.787999124527 159.64569808816148
537.1119991254807 158.6459882022803
537.4359991264344 157.63533392703692
537.759999127388 156.621911625628
538.0839991283417 155.58507346503407
538.4079991292954 154.515805654559
538.731999130249 153.44806756511707
539.0559991312027 152.469500030349
539.3799991321564 151.70259757911592
539.7039991331101 151.2633842921621
540.0279991340637 151.21291590610844
540.3519991350174 151.5182402694738
540.6759991359711 152.04165141260162
540.9999991369248 152.56668236843447
541.3239991378784 152.8510301185147
541.6479991388321 152.6933906662397
541.9719991397858 151.9949009872262
542.2959991407395 150.7938298621918
542.6199991416931 149.26014892041164
542.9439991426468 147.65406482009746
543.2679991436005 146.25901712483378
543.5919991445542 145.3066233562572
543.9159991455078 144.91797353775695
544.2399991464615 145.07551806829747
544.5639991474152 145.6348420365567
544.8879991483689 146.36905090522845
545.2119991493225 147.0329530381801
545.5359991502762 147.4289152684816
545.8599991512299 147.4533276239128
546.1839991521836 147.11261166970078
546.5079991531372 146.5064982855735
546.8319991540909 145.78893507105647
547.1559991550446 145.1167669301642
547.4799991559983 144.60239557759527
547.8039991569519 144.28715125123304
548.1279991579056 144.13773684367868
548.4519991588593 144.0664900293231
548.775999159813 143.9652730892574
549.0999991607666 143.7420401964569
549.4239991617203 143.3483978547065
549.747999162674 142.78654034938066
550.0719991636277 142.09925493822217
550.3959991645813 141.3505449496326
550.719999165535 140.60252082720592
551.0439991664887 139.90014391448202
551.3679991674423 139.26682571843224
551.691999168396 138.71297976526714
552.0159991693497 138.25068951180728
552.3399991703034 137.90285396056436
552.663999171257 137.70259326431727
552.9879991722107 137.67897889659372
553.3119991731644 137.83716050292492
553.6359991741181 138.14093070825862
553.9599991750717 138.5086681670048
554.2839991760254 138.83082107559977
554.6079991769791 139.00142333608036
554.9319991779328 138.95332999584113
555.2559991788864 138.68481818198015
555.5799991798401 138.26521311789654
555.9039991807938 137.81350370704902
556.2279991817475 137.45885318536565
556.5519991827011 137.2970243943787
556.8759991836548 137.3549932270079
557.1999991846085 137.58497735897765
557.5239991855622 137.88623799088867
557.8479991865158 138.1438034505229
558.1719991874695 138.272298035469
558.4959991884232 138.24730924430892
558.8199991893769 138.1111723936397
559.1439991903305 137.95107357552214
559.4679991912842 137.8614929724279
559.7919991922379 137.9049662411112
560.1159991931916 138.08829482373778
560.4399991941452 138.36106710166112
560.7639991950989 138.6382218165948
561.0879991960526 138.8349333094157
561.4119991970063 138.8976407385105
561.7359991979599 138.82199691433158
562.0599991989136 138.64973737399066
562.3839991998673 138.44911577698338
562.707999200821 138.28649141363064
563.0319992017746 138.20148175201754
563.3559992027283 138.1976238646062
563.679999203682 138.24731094725092
564.0039992046356 138.30640265015455
564.3279992055893 138.3337174436494
564.651999206543 138.30678531659996
564.9759992074967 138.22610805587428
565.2999992084503 138.10951498356678
565.623999209404 137.9833517039955
565.9479992103577 137.87271749689262
566.2719992113114 137.79486118924734
566.595999212265 137.75831508187625
566.9199992132187 137.7667638210988
567.2439992141724 137.82279767332537
567.5679992151261 137.9286429468417
567.8919992160797 138.08432423664235
568.2159992170334 138.28297053056542
568.5399992179871 138.5069148045782
568.8639992189408 138.72787304621139
569.1879992198944 138.91249575618255
569.5119992208481 139.03015471347905
569.8359992218018 139.06147568515388
570.1599992227555 139.0042402881065
570.4839992237091 138.87374599645096
570.8079992246628 138.69740273091207
571.1319992256165 138.50606488303674
571.4559992265702 138.3246313171136
571.7799992275238 138.16553956355062
572.1039992284775 138.02761076708057
572.4279992294312 137.89901894186352
572.7519992303849 137.7629385869401
573.0759992313385 137.6000571132598
573.3999992322922 137.39230079956968
573.7239992332459 137.12494678282735
574.0479992341996 136.7857059640666
574.3719992351532 136.3658296160401
574.6959992361069 135.8624889178503
575.0199992370606 135.28424120149177
575.3439992380142 134.6546031345827
575.6679992389679 134.01119042642242
575.9919992399216 133.40098503513633
576.3159992408753 132.87029261320095
576.639999241829 132.4518518509405
576.9639992427826 132.15401042811695
577.2879992437363 131.95706828332285
577.61199924469 131.81565188648784
577.9359992456436 131.668442173606
578.2599992465973 131.45446281271256
578.583999247551 131.13130990978172
578.9079992485047 130.68825477177253
579.2319992494583 130.14787450545512
579.555999250412 129.56219495555555
579.8799992513657 129.00010842161092
580.2039992523194 128.52645931194655
580.527999253273 128.18445607638822
580.8519992542267 127.98528817949689
581.1759992551804 127.90620823052944
581.4999992561341 127.8983882033845
581.8239992570877 127.90229200540573
582.1479992580414 127.86511664103024
582.4719992589951 127.7546090011348
582.7959992599488 127.56403087242785
583.1199992609024 127.30939027431792
583.4439992618561 127.02040776652771
583.7679992628098 126.72947261188892
584.0919992637635 126.46243231165181
584.4159992647171 126.23312488198941
584.7399992656708 126.04327194851508
585.0639992666245 125.88676660129107
585.3879992675782 125.7559135930168
585.7119992685318 125.64544172995207
586.0359992694855 125.55440925287458
586.3599992704392 125.48537373356609
586.6839992713928 125.44162544581815
587.0079992723465 125.42343801946917
587.3319992733002 125.425107744826
587.6559992742539 125.43419815312802
587.9799992752075 125.43329410130636
588.3039992761612 125.40433222224686
588.6279992771149 125.33297454746048
588.9519992780686 125.21311722258449
589.2759992790222 125.04960981075448
589.5999992799759 124.8589787404866
589.9239992809296 124.66605347830563
590.2479992818833 124.49718338049475
590.5719992828369 124.37365327236657
590.8959992837906 124.30495800116913
591.2199992847443 124.28563288418563
591.543999285698 124.29661400440351
591.8679992866516 124.31129635702453
592.1919992876053 124.3054739385105
592.515999288559 124.26546799213925
592.8399992895127 124.19271068230768
593.1639992904663 124.10110406194732
593.48799929142 124.0097437401932
593.8119992923737 123.93343124014545
594.1359992933274 123.87346563212061
594.459999294281 123.81471180268181
594.7839992952347 123.73013088181703
595.1079992961884 123.59134377796916
595.431999297142 123.37784491049139
595.7559992980957 123.08470114506754
596.0799992990494 122.72470128656079
596.4039993000031 122.32205251142898
596.7279993009568 121.90512080239655
597.0519993019104 121.49967423830606
597.3759993028641 121.12372240175375
597.6999993038178 120.78887344860063
598.0239993047715 120.50603735994315
598.3479993057251 120.28800710723165
598.6719993066788 120.15014748920002
598.9959993076325 120.10718971304348
599.3199993085861 120.16547238586011
599.6439993095398 120.31649436538625
599.9679993104935 120.53405010264352
600.2919993114472 120.7762066322659
600.6159993124008 120.99278164730735
600.9399993133545 121.13630127608025
601.2639993143082 121.17118355031205
601.5879993152619 121.07921819834607
601.9119993162155 120.86017829602064
602.2359993171692 120.52852897231013
602.5599993181229 120.10867229899655
602.8839993190766 119.63205211331959
603.2079993200302 119.1355539656566
603.5319993209839 118.65745246781927
603.8559993219376 118.23369919082835
604.1799993228913 117.89137826759031
604.5039993238449 117.64136733493858
604.8279993247986 117.4721235693857
605.1519993257523 117.34841761180468
605.475999326706 117.22035114147621
605.7999993276596 117.03802115454121
606.1239993286133 116.76932805883283
606.447999329567 116.41326886553666
606.7719993305207 116.00432054137768
607.0959993314743 115.6039988699409
607.419999332428 115.2793108441299
607.7439993333817 115.07912335716736
608.0679993343354 115.01520122003257
608.391999335289 115.05539117364158
608.7159993362427 115.13225977628751
609.0399993371964 115.1658159094711
609.36399933815 115.09066076534563
609.6879993391037 114.87784633797966
610.0119993400574 114.54430453381174
610.3359993410111 114.14267982186509
610.6599993419647 113.73944891878025
610.9839993429184 113.3898930315168
611.3079993438721 113.11851708615596
611.6319993448258 112.91408962389755
611.9559993457794 112.74027242809062
612.2799993467331 112.55616642249869
612.6039993476868 112.3380520790726
612.9279993486405 112.09185151354251
613.2519993495941 111.85021920594106
613.5759993505478 111.65685872605494
613.8999993515015 111.5454873131631
614.2239993524552 111.52278842760106
614.5479993534088 111.56250916667462
614.8719993543625 111.61394866577179
615.1959993553162 111.62192759623666
615.5199993562699 111.54775739406539
615.8439993572235 111.38377297258336
616.1679993581772 111.15566379710701
616.4919993591309 110.91020100833016
616.8159993600846 110.6951410271638
617.1399993610382 110.54215243743991
617.4639993619919 110.45843218476314
617.7879993629456 110.42865196010106
618.1119993638993 110.42580470485953
618.4359993648529 110.42435747388913
618.7599993658066 110.40848231973189
619.0839993667603 110.37321864010156
619.407999367714 110.32014657344753
619.7319993686676 110.24857062013463
620.0559993696213 110.15152529192542
620.379999370575 110.0185009735335
620.7039993715287 109.8437881542487
621.0279993724823 109.63452436903918
621.351999373436 109.41348173956372
621.6759993743897 109.21399569610315
621.9999993753434 109.06561162859423
622.323999376297 108.98001351762152
622.6479993772507 108.94180978372094
622.9719993782044 108.91138423217654
623.295999379158 108.8379266675653
623.6199993801117 108.67784224681171
623.9439993810654 108.41293710805056
624.2679993820191 108.05905297462925
624.5919993829727 107.66183430250959
624.9159993839264 107.27922573929345
625.2399993848801 106.95901264796997
625.5639993858338 106.72179995411494
625.8879993867874 106.55416097620616
626.2119993877411 106.41513770542588
626.5359993886948 106.25360276098115
626.8599993896485 106.02942155550588
627.1839993906021 105.73047622306275
627.5079993915558 105.37729701638818
627.8319993925095 105.01690164761783
628.1559993934632 104.70730548355606
628.4799993944168 104.49616606689038
628.8039993953705 104.40507296584482
629.1279993963242 104.42183054341686
629.4519993972779 104.50220764570737
629.7759993982315 104.5840107495092
630.0999993991852 104.60634313494725
630.4239994001389 104.52695730447948
630.7479994010926 104.33586169300271
631.0719994020462 104.05743933331274
631.3959994029999 103.74248596787673
631.7199994039536 103.45228290962226
632.0439994049073 103.24001635720612
632.3679994058609 103.13649617835767
632.6919994068146 103.141753939375
633.0159994077683 103.22591622192171
633.339999408722 103.33908193619526
633.6639994096756 103.42773557643544
633.9879994106293 103.44857413323881
634.311999411583 103.37857277699516
634.6359994125366 103.21957964945854
634.9599994134903 102.99250078679209
635.283999414444 102.72729805881794
635.6079994153977 102.4536800412033
635.9319994163513 102.19228756931557
636.255999417305 101.95080168576017
636.5799994182587 101.72533088413273
636.9039994192124 101.50555354342322
637.227999420166 101.28050935660222
637.5519994211197 101.04461530028367
637.8759994220734 100.79994717510573
638.1999994230271 100.55520384841043
638.5239994239807 100.32422740078196
638.8479994249344 100.12223697538863
639.1719994258881 99.96282382766431
639.4959994268418 99.85430864322882
639.8199994277954 99.79850500878005
640.1439994287491 99.78928373138612
640.4679994297028 99.81182370521657
640.7919994306565 99.84398295140944
641.1159994316101 99.85844058856254
641.4399994325638 99.82604076796753
641.7639994335175 99.72059378913833
642.0879994344712 99.5237895753413
642.4119994354248 99.22863138205851
642.7359994363785 98.84444044488731
643.0599994373322 98.39770679525643
643.3839994382859 97.93111376535933
643.7079994392395 97.4976249010441
644.0319994401932 97.14999558749881
644.3559994411469 96.93033403924916
644.6799994421006 96.85862648907599
645.0039994430542 96.92645647496047
645.3279994440079 97.09714794898636
645.6519994449616 97.31359693444803
645.9759994459152 97.51090984646805
646.2999994468689 97.62934946270823
646.6239994478226 97.62633553590133
646.9479994487763 97.48385540503995
647.27199944973 97.2090396546717
647.5959994506836 96.83058614245513
647.9199994516373 96.39124363062535
648.243999452591 95.9399087162905
648.5679994535446 95.5262066786035
648.8919994544983 95.19445645098656
649.215999455452 94.97760742728057
649.5399994564057 94.89281382121243
649.8639994573593 94.93840000408848
650.187999458313 95.09057759125598
650.5119994592667 95.30468358494905
650.8359994602204 95.52122930053596
651.159999461174 95.67471973765743
651.4839994621277 95.70708095804714
651.8079994630814 95.5808689484426
652.1319994640351 95.28894738825771
652.4559994649887 94.85790048262719
652.7799994659424 94.34301468429567
653.1039994668961 93.81630399457707
653.4279994678498 93.34971717420953
653.7519994688034 92.99811182802891
654.0759994697571 92.78635303847845
654.3999994707108 92.70543852340874
654.7239994716645 92.718391565734
655.0479994726181 92.77269816338364
655.3719994735718 92.81580216260515
655.6959994745255 92.80878227547018
656.0199994754792 92.73609675860719
656.3439994764328 92.60678988634972
656.6679994773865 92.44803815084639
656.9919994783402 92.2935366044997
657.3159994792939 92.17019854879861
657.6399994802475 92.08815587228389
657.9639994812012 92.03686284667597
658.2879994821549 91.98807451930702
658.6119994831085 91.90362684763367
658.9359994840622 91.74781193373809
659.2599994850159 91.4978909842455
659.5839994859696 91.15193598153496
659.9079994869232 90.73193457370812
660.2319994878769 90.28022457559148
660.5559994888306 89.85185710044722
660.8799994897843 89.50344404201203
661.2039994907379 89.28219166300605
661.5279994916916 89.21462202169184
661.8519994926453 89.2997820990632
662.175999493599 89.50655934630691
662.4999994945526 89.77460801890487
662.8239994955063 90.02561474212385
663.14799949646 90.18054810488815
663.4719994974137 90.17795225163533
663.7959994983673 89.98982767084563
664.119999499321 89.63168927185319
664.4439995002747 89.16050718122895
664.7679995012284 88.66021944516757
665.091999502182 88.21985307281798
665.4159995031357 87.90798899957832
665.7399995040894 87.75433637289113
666.0639995050431 87.74295662299203
666.3879995059967 87.81933284641345
666.7119995069504 87.91050063328593
667.0359995079041 87.94914315844183
667.3599995088578 87.89348976104361
667.6839995098114 87.73797158176612
668.0079995107651 87.5105551498975
668.3319995117188 87.25819181257582
668.6559995126725 87.02887405751369
668.9799995136261 86.85500127077621
669.3039995145798 86.74416917039758
669.6279995155335 86.68114624548198
669.9519995164871 86.63625726198822
670.2759995174408 86.57742032428939
670.5999995183945 86.48204729245349
670.9239995193482 86.34427268467616
671.2479995203018 86.17639410660334
671.5719995212555 86.00417035742363
671.8959995222092 85.85946587656417
672.2199995231629 85.77208637255775
672.5439995241165 85.76070851801356
672.8679995250702 85.8272049788705
673.1919995260239 85.95431751761913
673.5159995269776 86.1081638561633
673.8399995279312 86.24604865930749
674.1639995288849 86.32769960224464
674.4879995298386 86.32775246911093
674.8119995307923 86.2427154207967
675.1359995317459 86.09101741617485
675.4599995326996 85.90623697876153
675.7839995336533 85.72211977534073
676.107999534607 85.55893139213974
676.4319995355606 85.41710371077288
676.7559995365143 85.27784552959945
677.079999537468 85.11377334369652
677.4039995384217 84.90547399267527
677.7279995393753 84.65451667141917
678.051999540329 84.38814168871484
678.3759995412827 84.15231136309419
678.6999995422364 83.99267636011524
679.02399954319 83.9345218618265
679.3479995441437 83.97076742207717
679.6719995450974 84.06076132510114
679.995999546051 84.14240328740628
680.3199995470047 84.15557952089074
680.6439995479584 84.06382434411766
680.9679995489121 83.86534544771142
681.2919995498657 83.59195524340413
681.6159995508194 83.29367021344292
681.9399995517731 83.01770420950858
682.2639995527268 82.789002839739
682.5879995536804 82.60069586276943
682.9119995546341 82.42019325827829
683.2359995555878 82.20574804002811
683.5599995565415 81.92615764807783
683.8839995574951 81.576228291743
684.2079995584488 81.18196770771728
684.5319995594025 80.79206297948826
684.8559995603562 80.46224663416183
685.1799995613098 80.23702371792645
685.5039995622635 80.13457547089077
685.8279995632172 80.1433250673086
686.1519995641709 80.22742145758153
686.4759995651245 80.33994261577716
686.7999995660782 80.4373206181484
687.1239995670319 80.49003820690773
687.4479995679856 80.48858060098216
687.7719995689392 80.44055868510347
688.0959995698929 80.36348327699066
688.4199995708466 80.27654012022252
688.7439995718003 80.19368093596802
689.0679995727539 80.12171523434141
689.3919995737076 80.060775242145
689.7159995746613 80.00727369188608
690.039999575615 79.95673595859726
690.3639995765686 79.90421168438527
690.6879995775223 79.8446600135644
691.011999578476 79.77037111848959
691.3359995794297 79.66992598670076
691.6599995803833 79.53263416959322
691.983999581337 79.35200073066207
692.3079995822907 79.13039328109828
692.6319995832444 78.88397678425088
692.955999584198 78.63949882959905
693.2799995851517 78.4280771291012
693.6039995861054 78.27488833548341
693.927999587059 78.18757290966383
694.2519995880127 78.1516410127533
694.5759995889664 78.13390329597914
694.8999995899201 78.0929545993023
695.2239995908737 77.9938951628206
695.5479995918274 77.82285202711779
695.8719995927811 77.59317789545058
696.1959995937348 77.34090371537967
696.5199995946884 77.11298458877363
696.8439995956421 76.95123655593247
697.1679995965958 76.87733730155406
697.4919995975495 76.88621975612824
697.8159995985031 76.94896794507989
698.1399995994568 77.02294401466692
698.4639996004105 77.06526090077087
698.7879996013642 77.04435784457374
699.1119996023178 76.94564000287242
699.4359996032715 76.77071895268242
699.7599996042252 76.53310243730645
700.0839996051789 76.25401166725689
700.4079996061325 75.9577656169922
700.7319996070862 75.66939911498743
701.0559996080399 75.4145316174218
701.3799996089936 75.21784683807866
701.7039996099472 75.09855535358777
702.0279996109009 75.06523866450745
702.3519996118546 75.11020839239747
702.6759996128083 75.20776662090674
702.9999996137619 75.31819824848134
703.3239996147156 75.39558617145032
703.6479996156693 75.40031894711007
703.971999616623 75.30965742196393
704.2959996175766 75.12257379830967
704.6199996185303 74.85840788824582
704.943999619484 74.55039139766386
705.2679996204376 74.23538983953985
705.5919996213913 73.94402052826312
705.915999622345 73.69532871820113
706.2399996232987 73.49595011963328
706.5639996242523 73.34417895270667
706.887999625206 73.23613040929862
707.2119996261597 73.16914037791351
707.5359996271134 73.14237683669258
707.859999628067 73.15555519626037
708.1839996290207 73.2049614063626
708.5079996299744 73.2789898561806
708.8319996309281 73.35726034639002
709.1559996318817 73.41339695405603
709.4799996328354 73.4218342751828
709.8039996337891 73.3657944940055
710.1279996347428 73.2432515986119
710.4519996356964 73.06994237236749
710.7759996366501 72.87613487851684
711.0999996376038 72.6981290344601
711.4239996385575 72.56661076411389
711.7479996395111 72.49635727877552
712.0719996404648 72.4809973651309
712.3959996414185 72.49290138840192
712.7199996423722 72.49272401715234
713.0439996433258 72.44225006474406
713.3679996442795 72.31547362278177
713.6919996452332 72.10739062501356
714.0159996461869 71.83504000122423
714.3399996471405 71.53130477835049
714.6639996480942 71.23526868312007
714.9879996490479 70.98247449486954
715.3119996500016 70.797208033232
715.6359996509552 70.68942161629865
715.9599996519089 70.65614474432138
716.2839996528626 70.68550475135793
716.6079996538163 70.75962750458895
716.9319996547699 70.85587422610921
717.2559996557236 70.94793357926099
717.5799996566773 71.00674269173658
717.903999657631 71.00337487703419
718.2279996585846 70.9146928015852
718.5519996595383 70.7298837448331
718.875999660492 70.4556912878354
719.1999996614456 70.11766053332745
719.5239996623993 69.75668629627356
719.847999663353 69.4210661859965
720.1719996643067 69.15474890819522
720.4959996652603 68.98570604280468
720.819999666214 68.91771362657424
721.1439996671677 68.93017070859605
721.4679996681214 68.98361565885413
721.791999669075 69.03006319245061
722.1159996700287 69.02756298202881
722.4399996709824 68.95184228818015
722.7639996719361 68.80268849809227
723.0879996728897 68.602955278761
723.4119996738434 68.39104406721495
723.7359996747971 68.20902705449706
724.0599996757508 68.08904089908323
724.3839996767044 68.04378856418478
724.7079996776581 68.06301248822696
725.0319996786118 68.11726969173993
725.3559996795655 68.16884784438415
725.6799996805191 68.18347133414764
726.0039996814728 68.14066468996769
726.3279996824265 68.03887996756238
726.6519996833802 67.8928528259032
726.9759996843338 67.72506711986104
727.2999996852875 67.55607492646467
727.6239996862412 67.3965531723313
727.9479996871949 67.24380594947799
728.2719996881485 67.0864963243465
728.5959996891022 66.91268648022314
728.9199996900559 66.71921060862317
729.2439996910095 66.51720313256705
729.5679996919632 66.33076508316331
729.8919996929169 66.19046374983921
730.2159996938706 66.12344919962894
730.5399996948242 66.1438561644088
730.8639996957779 66.24608260651273
731.1879996967316 66.40433258012922
731.5119996976853 66.57830753572162
731.835999698639 66.72119111980484
732.1599996995926 66.78911603719664
732.4839997005463 66.74885497709062
732.8079997015 66.58355701281765
733.1319997024536 66.29679881029273
733.4559997034073 65.9134915021077
733.779999704361 65.47892240184436
734.1039997053147 65.05344151727871
734.4279997062683 64.70171473987435
734.751999707222 64.47938610656799
735.0759997081757 64.41872227014711
735.3999997091294 64.51602792466319
735.723999710083 64.72942520878222
736.0479997110367 64.98777951783221
736.3719997119904 65.20820208402704
736.6959997129441 65.31984450604195
737.0199997138977 65.28431054930356
737.3439997148514 65.10715838957483
737.6679997158051 64.83407610422299
737.9919997167588 64.53243449965909
738.3159997177124 64.26835825008517
738.6399997186661 64.08566682413273
738.9639997196198 63.99337496157208
739.2879997205735 63.967159169883
739.6119997215271 63.96273926707831
739.9359997224808 63.935489341485585
740.2599997234345 63.8568801066076
740.5839997243881 63.723629116615214
740.9079997253418 63.55584241226277
741.2319997262955 63.385663064010785
741.5559997272492 63.244601099331994
741.8799997282028 63.15187256994322
742.2039997291565 63.10891473522992
742.5279997301102 63.101316229131804
742.8519997310639 63.10651185049599
743.1759997320175 63.102067747169585
743.4999997329712 63.07147885135826
743.8239997339249 63.00781351205014
744.1479997348786 62.91287975829078
744.4719997358322 62.79418299114894
744.7959997367859 62.66170438181818
745.1199997377396 62.52542974274949
745.4439997386933 62.39428644681215
745.7679997396469 62.27545124857877
746.0919997406006 62.17414828935526
746.4159997415543 62.09371244189131
746.739999742508 62.03642053075474
747.0639997434616 62.00346566452171
747.3879997444153 61.99491635186058
747.711999745369 62.00993010597804
748.0359997463227 62.04540910473234
748.3599997472763 62.09491443790655
748.68399974823 62.14706697125374
749.0079997491837 62.18489640395829
749.3319997501374 62.1879524834889
749.655999751091 62.136422058569586
749.9799997520447 62.01721222618547
750.3039997529984 61.82962533025389
750.627999753952 61.58792092492387
750.9519997549057 61.31948276701843
751.2759997558594 61.05956313818182
751.5999997568131 60.843698634786406
751.9239997577668 60.700021809155615
752.2479997587204 60.642562878414815
752.5719997596741 60.667383356626246
752.8959997606278 60.75296745854643
753.2199997615814 60.863942579978996
753.5439997625351 60.958118688795075
753.8679997634888 60.99505295519801
754.1919997644425 60.94492285570304
754.5159997653961 60.796393496877094
754.8399997663498 60.56139884389732
755.1639997673035 60.27330793194419
755.4879997682572 59.978751858237736
755.8119997692108 59.72529782714838
756.1359997701645 59.547252579028815
756.4599997711182 59.45484210936135
756.7839997720719 59.43250136413484
757.1079997730255 59.44455386130178
757.4319997739792 59.446030002574005
757.7559997749329 59.39791987871889
758.0799997758866 59.27948838827583
758.4039997768402 59.0929888042272
758.7279997777939 58.859788057896765
759.0519997787476 58.61137258907148
759.3759997797013 58.37830733528034
759.6999997806549 58.180674713123125
760.0239997816086 58.02539109077563
760.3479997825623 57.908919983339736
760.671999783516 57.82311207274977
760.9959997844696 57.762148108645974
761.3199997854233 57.72584563973011
761.643999786377 57.71773499660094
761.9679997873307 57.740831548957715
762.2919997882843 57.79188308314889
762.615999789238 57.857817053497975
762.9399997901917 57.917745157695045
763.2639997911454 57.94769658908311
763.587999792099 57.927999844671305
763.9119997930527 57.84961518282149
764.2359997940064 57.71647547941077
764.55999979496 57.5435979253038
764.8839997959137 57.351888251657314
765.2079997968674 57.162279059287286
765.5319997978211 56.991031457412475
765.8559997987747 56.84852431983278
766.1799997997284 56.74007385665322
766.5039998006821 56.66748072648665
766.8279998016358 56.631197080653855
767.1519998025894 56.62961582230137
767.4759998035431 56.65702894303533
767.7999998044968 56.702314543488804
768.1239998054505 56.74817685237766
768.4479998064041 56.77324377453012
768.7719998073578 56.75692449188843
769.0959998083115 56.68569750924521
769.4199998092652 56.558462308415116
769.7439998102188 56.38799385818744
770.0679998111725 56.19898941656254
770.3919998121262 56.02231847402424
770.7159998130799 55.8857464055869
771.0399998140335 55.805713945580955
771.3639998149872 55.78188278680268
771.6879998159409 55.796489794811585
772.0119998168946 55.81931624032629
772.3359998178482 55.815018976987275
772.6599998188019 55.75336821118149
772.9839998197556 55.61824791643465
773.3079998207093 55.41242288630221
773.6319998216629 55.156581113027514
773.9559998226166 54.88338622351756
774.2799998235703 54.628342912771856
774.603999824524 54.41926832702717
774.9279998254776 54.26733914732703
775.2519998264313 54.16350918254081
775.575999827385 54.081633697137626
775.8999998283387 53.987004375621154
776.2239998292923 53.84942182185558
776.547999830246 53.654152234455495
776.8719998311997 53.40974155981924
777.1959998321533 53.14901950769792
777.519999833107 52.92025595114408
777.8439998340607 52.770839929269506
778.1679998350144 52.73077883002756
778.491999835968 52.800194124319205
778.8159998369217 52.94629189113899
779.1399998378754 53.11152000889417
779.4639998388291 53.22990733934826
779.7879998397827 53.24850080728185
780.1119998407364 53.144307101726305
780.4359998416901 52.9315404028487
780.7599998426438 52.6564634665261
781.0839998435974 52.38106254427047
781.4079998445511 52.161873695443745
781.7319998455048 52.032382036593596
782.0559998464585 51.99487249831201
782.3799998474121 52.02368184423976
782.7039998483658 52.07825319896846
783.0279998493195 52.12082622839256
783.3519998502732 52.13078488109287
783.6759998512268 52.11037817493509
783.9999998521805 52.08029725972597
784.3239998531342 52.06631759787755
784.6479998540879 52.08433854160466
784.9719998550415 52.129824555132345
785.2959998559952 52.17630961456866
785.6199998569489 52.18451706858565
785.9439998579026 52.11672208082514
786.2679998588562 51.95210258069504
786.5919998598099 51.69736377968592
786.9159998607636 51.386343925434495
787.2399998617173 51.07037313407572
787.5639998626709 50.80274566713817
787.8879998636246 50.62263761044887
788.2119998645783 50.544281629206836
788.535999865532 50.55435340581896
788.8599998664856 50.61890626229714
789.1839998674393 50.69489634693808
789.507999868393 50.74355540078161
789.8319998693466 50.74036603888582
790.1559998703003 50.67909215744811
790.479999871254 50.56996713676834
790.8039998722077 50.433078426340735
791.1279998731613 50.291056527822896
791.451999874115 50.16322550600489
791.7759998750687 50.06270910820532
792.0999998760224 49.996231499604754
792.423999876976 49.96533554886862
792.7479998779297 49.96665463587393
793.0719998788834 49.99135014347399
793.3959998798371 50.02499506951064
793.7199998807907 50.04852487205842
794.0439998817444 50.03993678333121
794.3679998826981 49.97887189181377
794.6919998836518 49.85310364069229
795.0159998846054 49.66558342674436
795.3399998855591 49.437058992018905
795.6639998865128 49.202839319326245
795.9879998874665 49.00536424918216
796.3119998884201 48.881549552776086
796.6359998893738 48.8504537007047
796.9599998903275 48.90557300217075
797.2839998912812 49.01375221319825
797.6079998922348 49.122455827959385
797.9319998931885 49.17506613878408
798.2559998941422 49.128441328692894
798.5799998950959 48.96632888839869
798.9039998960495 48.704660948496944
799.2279998970032 48.386422285112005
799.5519998979569 48.0679220942799
799.8759998989105 47.801584258204
800.1999998998642 47.62195075516719
800.5239999008179 47.53817068073438
800.8479999017716 47.53461650329171
801.1719999027252 47.57965920999967
801.4959999036789 47.63828221871759
801.8199999046326 47.68293667098347
802.1439999055863 47.69852348017716
802.46799990654 47.68144347535461
802.7919999074936 47.636029177525735
803.1159999084473 47.56858942270222
803.439999909401 47.48366564957437
803.7639999103546 47.38420720712848
804.0879999113083 47.27290198425189
804.411999912262 47.15379304000737
804.7359999132157 47.03322575625042
805.0599999141693 46.91845958778175
805.383999915123 46.81286913830105
805.7079999160767 46.713774182581815
806.0319999170304 46.612730583531075
806.355999917984 46.49916486535759
806.6799999189377 46.366781395529564
807.0039999198914 46.21869046806186
807.3279999208451 46.070200782742674
807.6519999217987 45.94554502866195
807.9759999227524 45.8694547265127
808.2999999237061 45.85815464506847
808.6239999246598 45.91350035300325
808.9479999256134 46.021574139518144
809.2719999265671 46.15586309545087
809.5959999275208 46.28499173406347
809.9199999284745 46.38102663226364
810.2439999294281 46.42479221091397
810.5679999303818 46.40687612259519
810.8919999313355 46.32486193891847
811.2159999322892 46.18144985547833
811.5399999332428 45.983401049427755
811.8639999341965 45.74111230756579
812.1879999351502 45.470738424601485
812.5119999361038 45.19552738913512
812.8359999370575 44.94384438728931
813.1599999380112 44.744647138764456
813.4839999389649 44.62002492866648
813.8079999399185 44.576883411959784
814.1319999408722 44.6031135796107
814.4559999418259 44.669589313062154
814.7799999427796 44.736598867633695
815.1039999437332 44.76292656354113
815.4279999446869 44.71688359142003
815.7519999456406 44.584209150721655
816.0759999465943 44.37035630961898
816.3999999475479 44.10001644708252
816.7239999485016 43.81098371329394
817.0479999494553 43.54528187491274
817.371999950409 43.34085875310815
817.6959999513626 43.22413677518479
818.0199999523163 43.20432375387494
818.34399995327 43.27163557731961
818.6679999542237 43.39992959903265
818.9919999551773 43.551929327709786
819.315999956131 43.687812784865606
819.6399999570847 43.77417856867972
819.9639999580384 43.79172846647449
820.287999958992 43.73979024364414
820.6119999599457 43.63441127337882
820.9359999608994 43.502978877942304
821.259999961853 43.37558217417432
821.5839999628067 43.274630621496684
821.9079999637604 43.20896136656326
822.2319999647141 43.17306086648193
822.5559999656678 43.15207849868712
822.8799999666214 43.1304909802888
823.2039999675751 43.099890806802854
823.5279999685288 43.0647474374686
823.8519999694824 43.041099486900315
824.1759999704361 43.048707965542526
824.4999999713898 43.10096639397665
824.8239999723435 43.19565711601085
825.1479999732971 43.31137677855439
825.4719999742508 43.41080094688503
825.7959999752045 43.45127884411505
826.1199999761582 43.39922471315014
826.4439999771118 43.242301994182
826.7679999780655 42.99546627194852
827.0919999790192 42.69830632441863
827.4159999799729 42.40446156973532
827.7399999809265 42.1671353571433
828.0639999818802 42.024171686735066
828.3879999828339 41.98818406457162
828.7119999837876 42.045275104554136
829.0359999847412 42.16058949426635
829.3599999856949 42.28989830383435
829.6839999866486 42.391625365346286
830.0079999876023 42.43489496600642
830.3319999885559 42.40396147159548
830.6559999895096 42.298443810002546
830.9799999904633 42.129838064526325
831.303999991417 41.91683140821181
831.6279999923706 41.68359054133759
831.9519999933243 41.45840235846294
832.275999994278 41.27001024845914
832.5999999952317 41.144191480035936
832.9239999961853 41.09848468953582
833.247999997139 41.13825952603533
833.5719999980927 41.25602810959805
833.8959999990464 41.43393065688938
834.22 41.65039919363695
834.5440000009537 41.88798009802712
834.8680000019074 42.13995251810564
835.192000002861 42.40852501840631
835.5160000038147 42.69936732752165
835.8400000047684 43.012288870758006
836.1640000057221 43.33037469013768
836.4880000066757 43.61764549332225
836.8120000076294 43.82378671883103
837.1360000085831 43.897375084077154
837.4600000095368 43.802602287037274
837.7840000104904 43.53312644465273
838.1080000114441 43.117510545726894
838.4320000123978 42.61268433070179
838.7560000133515 42.08924757700588
839.0800000143051 41.61248853951631
839.4040000152588 41.225234188352545
839.7280000162125 40.94008488503862
840.0520000171662 40.742068322605874
840.3760000181198 40.599801744198416
840.7000000190735 40.48026510074008
841.0240000200272 40.35991734550537
841.3480000209809 40.230430769386054
841.6720000219345 40.09629231269526
841.9960000228882 39.96663247015633
842.3200000238419 39.84692232700026
842.6440000247956 39.73361440008061
842.9680000257492 39.61548184401434
843.2920000267029 39.479618518462374
843.6160000276566 39.319885666158505
843.9400000286103 39.1437936787143
844.2640000295639 38.973140767428056
844.5880000305176 38.83837234543426
844.9120000314713 38.76841175676227
845.236000032425 38.78001954329098
845.5600000333786 38.8708026637563
845.8840000343323 39.01810640161955
846.208000035286 39.184497752949106
846.5320000362397 39.3291830105726
846.8560000371933 39.420149464646855
847.180000038147 39.44198876757224
847.5040000391007 39.39716905162944
847.8280000400543 39.30294200398946
848.152000041008 39.184459418051496
848.4760000419617 39.06545703838691
848.8000000429154 38.96319778787635
849.124000043869 38.88751140894498
849.4480000448227 38.844015087635995
849.7720000457764 38.83969078015329
850.0960000467301 38.88813482833375
850.4200000476837 39.012251201557895
850.7440000486374 39.240990184457594
851.0680000495911 39.602786972500475
851.3920000505448 40.11678791615225
851.7160000514984 40.78727912417711
852.0400000524521 41.60490770417713
852.3640000534058 42.55727020813177
852.6880000543595 43.650327128788426
853.0120000553131 44.93277561983524
853.3360000562668 46.51697156370885
853.6600000572205 48.58401138131976
853.9840000581742 51.36475784983127
854.3080000591278 55.09361193096233
854.6320000600815 59.93824765983047
854.9560000610352 65.9240074588086
855.2800000619889 72.8726075298572
855.6040000629425 80.37736973543923
855.9280000638962 87.83164969830408
856.2520000648499 94.5121558339506
856.5760000658036 99.70225024492136
856.9000000667572 102.82706202690504
857.2240000677109 103.5674538571649
857.5480000686646 101.92290899804853
857.8720000696183 98.20467582650576
858.1960000705719 92.96365273739872
858.5200000715256 86.87192419638826
858.8440000724793 80.5902289150612
859.168000073433 74.65691745627838
859.4920000743866 69.41992609075587
859.8160000753403 65.02472328708488
860.140000076294 61.44988427634443
860.4640000772476 58.570197476450204
860.7880000782013 56.22522768001324
861.112000079155 54.272344716394386
861.4360000801087 52.614552859283215
861.7600000810623 51.20178345599147
862.084000082016 50.015370660798986
862.4080000829697 49.04587601302997
862.7320000839234 48.27637999652642
863.056000084877 47.676443388225834
863.3800000858307 47.204991218260666
863.7040000867844 46.81922071181383
864.0280000877381 46.4845102314972
864.3520000886917 46.18063991496417
864.6760000896454 45.90078482104891
865.0000000905991 45.648180923342494
865.3240000915528 45.430175079935196
865.6480000925064 45.25171430538612
865.9720000934601 45.11161590545242
866.2960000944138 45.00215260340383
866.6200000953675 44.91141796859138
866.9440000963211 44.82763106375816
867.2680000972748 44.74369767144771
867.5920000982285 44.66111543727811
867.9160000991822 44.5912986735147
868.2400001001358 44.553208666348084
868.5640001010895 44.5692231406853
868.8880001020432 44.65973946048865
869.2120001029969 44.837133487913995
869.5360001039505 45.10345837558905
869.8600001049042 45.45275132080185
870.1840001058579 45.87793991040299
870.5080001068116 46.38026516998217
870.8320001077652 46.97752064611862
871.1560001087189 47.710142443884024
871.4800001096726 48.638851692227874
871.8040001106262 49.834097601782986
872.1280001115799 51.35942893443664
872.4520001125336 53.25033399387334
872.7760001134873 55.4938898308603
873.100000114441 58.015112186891415
873.4240001153946 60.67524089919573
873.7480001163483 63.28501500565543
874.072000117302 65.62894416296346
874.3960001182556 67.5005988690005
874.7200001192093 68.73866355894525
875.044000120163 69.25538724058751
875.3680001211167 69.05230960843402
875.6920001220703 68.21643428028949
876.016000123024 66.90061267086493
876.3400001239777 65.2913463429459
876.6640001249314 63.57344911309082
876.988000125885 61.89975372800883
877.3120001268387 60.372983637392835
877.6360001277924 59.042759007475745
877.9600001287461 57.91519934214285
878.2840001296997 56.971700568664694
878.6080001306534 56.18660308539908
878.9320001316071 55.5393013228158
879.2560001325608 55.018994243991436
879.5800001335144 54.620464112303864
879.9040001344681 54.336576058924265
880.2280001354218 54.15282229263241
880.5520001363755 54.046242347249226
880.8760001373291 53.989649133858045
881.2000001382828 53.95893797297462
881.5240001392365 53.93993700718086
881.8480001401902 53.93123166391241
882.1720001411438 53.940419664453174
882.4960001420975 53.97717950129024
882.8200001430512 54.04502264466802
883.1440001440048 54.13709629163814
883.4680001449585 54.23740203863666
883.7920001459122 54.32573517245644
884.1160001468659 54.385376345815644
884.4400001478195 54.40917734765391
884.7640001487732 54.40041489378445
885.0880001497269 54.3706799145536
885.4120001506806 54.33441900679858
885.7360001516342 54.30288162311596
886.0600001525879 54.28204736031712
886.3840001535416 54.27517897811361
886.7080001544953 54.28701835665847
887.0320001554489 54.32712732488462
887.3560001564026 54.41165910981125
887.6800001573563 54.55820990920789
888.00400015831 54.7779276457135
888.3280001592636 55.06805076748506
888.6520001602173 55.40788202374264
888.976000161171 55.76190309896543
889.3000001621247 56.089990127015305
889.6240001630783 56.36185817925716
889.948000164032 56.56896514042102
890.2720001649857 56.728644284570684
890.5960001659394 56.877840290046834
890.920000166893 57.0581550848568
891.2440001678467 57.297623949633035
891.5680001688004 57.596272176311004
891.892000169754 57.92258195525354
892.2160001707077 58.22235995106886
892.5400001716614 58.43774170536553
892.8640001726151 58.53058672978303
893.1880001735688 58.49863255482158
893.5120001745224 58.37876705779836
893.8360001754761 58.236315589344315
894.1600001764298 58.143943381757246
894.4840001773835 58.1581918120683
894.8080001783371 58.30091702994525
895.1320001792908 58.553274055084906
895.4560001802445 58.864375704576645
895.7800001811981 59.170230005357325
896.1040001821518 59.41431839811092
896.4280001831055 59.56416563247781
896.7520001840592 59.61753519305369
897.0760001850128 59.59779836812236
897.4000001859665 59.540776411960465
897.7240001869202 59.479818773160865
898.0480001878739 59.4354548545444
898.3720001888275 59.41111515701367
898.6960001897812 59.39646998017336
899.0200001907349 59.374239939218874
899.3440001916886 59.32862553041587
899.6680001926422 59.25110643783047
899.9920001935959 59.1425982583845
900.3160001945496 59.01344246399006
900.6400001955033 58.88088081492473
900.9640001964569 58.76541616306472
901.2880001974106 58.68827323144011
901.6120001983643 58.66811318179155
901.936000199318 58.71556646628028
902.2600002002716 58.828539523810754
902.5840002012253 58.989900494663466
902.908000202179 59.167571300099546
903.2320002031327 59.3205672483549
903.5560002040863 59.40895252775737
903.88000020504 59.403846129151134
904.2040002059937 59.29693865638455
904.5280002069474 59.10391497992159
904.852000207901 58.86112876953665
905.1760002088547 58.615989873127084
905.5000002098084 58.41486156493632
905.824000210762 58.29218069353103
906.1480002117157 58.26269280433375
906.4720002126694 58.32064969820645
906.7960002136231 58.443746461872685
907.1200002145767 58.60014706163578
907.4440002155304 58.75629548240814
907.7680002164841 58.88313467429531
908.0920002174378 58.95958834365281
908.4160002183914 58.974213314114245
908.7400002193451 58.9253375161896
909.0640002202988 58.821296096559614
909.3880002212525 58.679761514635175
909.7120002222061 58.525064893608935
910.0360002231598 58.384093187269556
910.3600002241135 58.279948364012306
910.6840002250672 58.22642709569661
911.0080002260208 58.22393513442108
911.3320002269745 58.2589415244646
911.6560002279282 58.30914920464698
911.9800002288819 58.35215859225632
912.3040002298355 58.372294003853156
912.6280002307892 58.36562798300738
912.9520002317429 58.340598095637716
913.2760002326966 58.31265360241487
913.6000002336502 58.2966802461218
913.9240002346039 58.30048978955935
914.2480002355576 58.322057997290926
914.5720002365113 58.35248099395437
914.8960002374649 58.38170492170346
915.2200002384186 58.40348126981699
915.5440002393723 58.41857641781545
915.868000240326 58.43240868068316
916.1920002412796 58.44979171111969
916.5160002422333 58.469381875236074
916.840000243187 58.478911128898616
917.1640002441407 58.457033826458115
917.4880002450943 58.38092594725158
917.812000246048 58.23596946707723
918.1360002470017 58.02349324326094
918.4600002479553 57.76423539250252
918.784000248909 57.49462802290709
919.1080002498627 57.2562587788196
919.4320002508164 57.08512984779962
919.75600025177 57.001248894908684
920.0800002527237 57.003232981257064
920.4040002536774 57.07123953592676
920.7280002546311 57.17428126024614
921.0520002555847 57.27967778225736
921.3760002565384 57.361228519208616
921.7000002574921 57.4029424012778
922.0240002584458 57.39889678195694
922.3480002593994 57.35038197580162
922.6720002603531 57.26268563307634
922.9960002613068 57.14339775478051
923.3200002622605 57.0024088275324
923.6440002632141 56.85332396135229
923.9680002641678 56.71289892255457
924.2920002651215 56.59858998489629
924.6160002660752 56.52479626379053
924.9400002670288 56.49698571776215
925.2640002679825 56.50791289328762
925.5880002689362 56.538299790375525
925.9120002698899 56.56241388532966
926.2360002708435 56.55622784413862
926.5600002717972 56.50487808339028
926.8840002727509 56.40879210097618
927.2080002737046 56.28371212966398
927.5320002746582 56.15513266465073
927.8560002756119 56.049918684531164
928.1800002765656 55.98710757780322
928.5040002775193 55.971092564265184
928.8280002784729 55.9900979744358
929.1520002794266 56.02074817771056
929.4760002803803 56.03619524678722
929.800000281334 56.01569036565047
930.1240002822876 55.95109869098841
930.4480002832413 55.84806661033029
930.772000284195 55.723281981749686
931.0960002851486 55.597881986755354
931.4200002861023 55.48930686234585
931.744000287056 55.40633875309385
932.0680002880097 55.34790131329239
932.3920002889633 55.30624573909313
932.716000289917 55.272445331869335
933.0400002908707 55.24060307016391
933.3640002918244 55.21053586639387
933.688000292778 55.18684727258957
934.0120002937317 55.17550308726799
934.3360002946854 55.179373424707954
934.6600002956391 55.195187407995284
934.9840002965927 55.21374040662074
935.3080002975464 55.222740482636056
935.6320002985001 55.21220479581273
935.9560002994538 55.17868652974201
936.2800003004074 55.12690461676387
936.6040003013611 55.06901789861186
936.9280003023148 55.0205609547031
937.2520003032685 54.99451207582081
937.5760003042221 54.99733760499212
937.9000003051758 55.02746657576132
938.2240003061295 55.076365376287185
938.5480003070832 55.13336519771455
938.8720003080368 55.19070436553774
939.1960003089905 55.24534835160599
939.5200003099442 55.29849270778133
939.8440003108979 55.35274970871657
940.1680003118515 55.40696924982059
940.4920003128052 55.45385089393596
940.8160003137589 55.48089165669299
941.1400003147126 55.47409125511562
941.4640003156662 55.42351657805723
941.7880003166199 55.328432089157445
942.1120003175736 55.20033314858708
942.4360003185272 55.060329674318524
942.7600003194809 54.93231950717782
943.0840003204346 54.835305783700484
943.4080003213883 54.77650070908541
943.732000322342 54.74912597708959
944.0560003232956 54.73559713330136
944.3800003242493 54.714952290066
944.704000325203 54.672965048773534
945.0280003261566 54.6089121347886
945.3520003271103 54.53732870400549
945.676000328064 54.48395477027565
946.0000003290177 54.47622943754741
946.3240003299713 54.53152081668503
946.648000330925 54.648259449034484
946.9720003318787 54.80350458905842
947.2960003328324 54.95756201295742
947.620000333786 55.06476124897405
947.9440003347397 55.08704865133227
948.2680003356934 55.00596267812663
948.5920003366471 54.82892886951309
948.9160003376007 54.587189849558456
949.2400003385544 54.32699288088758
949.5640003395081 54.09738916197655
949.8880003404618 53.937577120430696
950.2120003414154 53.86756009559728
950.5360003423691 53.884603743209304
950.8600003433228 53.96591995016967
951.1840003442765 54.076787504657275
951.5080003452301 54.180683465557536
951.8320003461838 54.24869709032076
952.1560003471375 54.26604453169457
952.4800003480912 54.23394802847322
952.8040003490448 54.16711217291961
953.1280003499985 54.088066339419704
953.4520003509522 54.01945731718464
953.7760003519059 53.977057600973275
954.1000003528595 53.96610717125616
954.4240003538132 53.980089818210516
954.7480003547669 54.00357873281427
955.0720003557205 54.017847253594596
955.3960003566742 54.005988792998544
955.7200003576279 53.95749446789086
956.0440003585816 53.87034794989758
956.3680003595352 53.75046071361506
956.6920003604889 53.608813864423205
957.0160003614426 53.45756329439126
957.3400003623963 53.30689724574997
957.6640003633499 53.163446264591975
957.9880003643036 53.02982588335591
958.3120003652573 52.90672794302488
958.636000366211 52.79573072343796
958.9600003671646 52.70000048991198
959.2840003681183 52.62465149853573
959.608000369072 52.57578666953323
959.9320003700257 52.55818118251498
960.2560003709793 52.5728640567486
960.580000371933 52.61567328341708
960.9040003728867 52.677191901365255
961.2280003738404 52.74398949046917
961.552000374794 52.8017985438057
961.8760003757477 52.83859693763725
962.2000003767014 52.84729684123963
962.524000377655 52.82702812222268
962.8480003786087 52.783499083254895
963.1720003795624 52.72811110764039
963.4960003805161 52.674318331613414
963.8200003814698 52.63425243958686
964.1440003824234 52.61523718707152
964.4680003833771 52.61735173944794
964.7920003843308 52.63371018000014
965.1160003852845 52.651905464549934
965.4400003862381 52.65778689275461
965.7640003871918 52.64091227739421
966.0880003881455 52.597931609158195
966.4120003890991 52.53372888257152
966.7360003900528 52.46031836040231
967.0600003910065 52.39285936070801
967.3840003919602 52.344309638960866
967.7080003929138 52.321159857275795
968.0320003938675 52.320839644705025
968.3560003948212 52.33210692087604
968.6800003957749 52.33915624431959
969.0040003967285 52.32629184533129
969.3280003976822 52.28290282415561
969.6520003986359 52.206551108078166
969.9760003995896 52.1024999058171
970.3000004005432 51.98139529182852
970.6240004014969 51.855629947901804
970.9480004024506 51.73586470645245
971.2720004034043 51.62886045870894
971.5960004043579 51.53700410422961
971.9200004053116 51.4597982027403
972.2440004062653 51.395646942644284
972.568000407219 51.34269540407292
972.8920004081726 51.299471659863535
973.2160004091263 51.26430896726431
973.54000041008 51.2337090248715
973.8640004110337 51.20215473279376
974.1880004119873 51.162828580470745
974.512000412941 51.109708780583915
974.8360004138947 51.03994345102449
975.1600004148484 50.95450931645498
975.484000415802 50.85910726862135
975.8080004167557 50.762928740011475
976.1320004177094 50.675985610043824
976.456000418663 50.606863917391145
976.7800004196167 50.56030090720731
977.1040004205704 50.53581526315998
977.4280004215241 50.527698478408574
977.7520004224777 50.52740421081085
978.0760004234314 50.52617917641898
978.4000004243851 50.51611238965494
978.7240004253388 50.49178149079804
979.0480004262924 50.45033402329497
979.3720004272461 50.389643545064935
979.6960004281998 50.30777004380728
980.0200004291535 50.201552145741
980.3440004301071 50.06625585841804
980.6680004310608 49.89774175258974
980.9920004320145 49.6948017195457
981.3160004329682 49.460854401597054
981.6400004339218 49.20477332032405
981.9640004348755 48.942185365716995
982.2880004358292 48.693451284930106
982.6120004367829 48.48105574493048
982.9360004377365 48.32829304144602
983.2600004386902 48.257009690841834
983.5840004396439 48.2860795487978
983.9080004405976 48.430204298450285
984.2320004415512 48.6970780669468
984.5560004425049 49.083241079634824
984.8800004434586 49.57037493654485
985.2040004444123 50.122582709882415
985.5280004453659 50.68689539441033
985.8520004463196 51.19819307432552
986.1760004472733 51.58839812828734
986.500000448227 51.798627005951474
986.8240004491806 51.79141007844415
987.1480004501343 51.56066990382405
987.472000451088 51.135438741250006
987.7960004520417 50.5752066626278
988.1200004529953 49.95944391529229
988.444000453949 49.37215228615202
988.7680004549027 48.88490450818195
989.0920004558564 48.54349149254068
989.41600045681 48.36041511649254
989.7400004577637 48.314476809619165
990.0640004587174 48.35710461228895
990.388000459671 48.42583185040951
990.7120004606247 48.46106310147748
991.0360004615784 48.42028158070179
991.3600004625321 48.28802873469071
991.6840004634857 48.07957061095462
992.0080004644394 47.835733036702024
992.3320004653931 47.60997565156247
992.6560004663468 47.45243949812193
