528.0399990987778 93.42983782491513
528.3639990997315 93.39716620381229
528.6879991006851 93.49777689963344
529.0119991016388 93.70690577516959
529.3359991025925 93.97425729309806
529.6599991035462 94.23770901264007
529.9839991044998 94.44065115325995
530.3079991054535 94.5463933942963
530.6319991064072 94.54452643646582
530.9559991073609 94.44908606553054
531.2799991083145 94.29227027723881
531.6039991092682 94.11930303958782
531.9279991102219 93.98871107058876
532.2519991111756 93.97935298687754
532.5759991121292 94.19996918593321
532.8999991130829 94.79747693602394
533.2239991140366 95.95884635365391
533.5479991149903 97.90111229312909
533.8719991159439 100.84954328032708
534.1959991168976 105.00436729830388
534.5199991178513 110.4984041363031
534.843999118805 117.35088904619222
535.1679991197586 125.4245533314494
535.4919991207123 134.3969641507711
535.815999121666 143.75642919938971
536.1399991226197 152.8306292420223
536.4639991235733 160.8543581553031
536.787999124527 167.07388112529534
537.1119991254807 170.86863262994018
537.4359991264344 171.86684365453
537.759999127388 170.0279459984484
538.0839991283417 165.66630684857648
538.4079991292954 159.40691886585736
538.731999130249 152.07937370591245
539.0559991312027 144.57337844656752
539.3799991321564 137.69315718052113
539.7039991331101 132.0468449487109
540.0279991340637 127.99128981659572
540.3519991350174 125.64042133027519
540.6759991359711 124.92329756809531
540.9999991369248 125.66055798460977
541.3239991378784 127.63163261207355
541.6479991388321 130.6107233704198
541.9719991397858 134.36551844180923
542.2959991407395 138.63242608666022
542.6199991416931 143.09215387851643
542.9439991426468 147.36624736564553
543.2679991436005 151.05003744794712
543.5919991445542 153.77643955745523
543.9159991455078 155.28823324568674
544.2399991464615 155.4967513631691
544.5639991474152 154.50104689718913
544.8879991483689 152.55774565931736
545.2119991493225 150.00999479857873
545.5359991502762 147.19727431503148
545.8599991512299 144.37258840840596
546.1839991521836 141.65216753525394
546.5079991531372 139.01368338553593
546.8319991540909 136.33810654053843
547.1559991550446 133.4757322776781
547.4799991559983 130.3163908535962
547.8039991569519 126.8415017280887
548.1279991579056 123.14171772967762
548.4519991588593 119.40040675473082
548.775999159813 115.85198093094608
549.0999991607666 112.73042259542821
549.4239991617203 110.22502524133867
549.747999162674 108.45364784453841
550.0719991636277 107.45521061177229
550.3959991645813 107.19780411697167
550.719999165535 107.59519863771825
551.0439991664887 108.52431238986932
551.3679991674423 109.83888490199553
551.691999168396 111.38201337920087
552.0159991693497 112.99999172174145
552.3399991703034 114.55698073411897
552.663999171257 115.94851302325685
552.9879991722107 117.11371382360556
553.3119991731644 118.0401262983698
553.6359991741181 118.75755509912403
553.9599991750717 119.32259145271335
554.2839991760254 119.79810363046782
554.6079991769791 120.23581779369057
554.9319991779328 120.66575530981189
555.2559991788864 121.09740573324879
555.5799991798401 121.52853236863751
555.9039991807938 121.95762381256276
556.2279991817475 122.39239478900014
556.5519991827011 122.84962969076746
556.8759991836548 123.34887997391961
557.1999991846085 123.9007833177304
557.5239991855622 124.49593329857255
557.8479991865158 125.10208992751276
558.1719991874695 125.67018937256891
558.4959991884232 126.1466200114121
558.8199991893769 126.48806608753102
559.1439991903305 126.67129581978422
559.4679991912842 126.69579221797598
559.7919991922379 126.57873455260832
560.1159991931916 126.34449648248854
560.4399991941452 126.01568965265147
560.7639991950989 125.60929461080013
561.0879991960526 125.13988964793474
561.4119991970063 124.6276543532643
561.7359991979599 124.10514808268277
562.0599991989136 123.61850370289069
562.3839991998673 123.22056215588148
562.707999200821 122.9592451817986
563.0319992017746 122.86420221454695
563.3559992027283 122.93605693363062
563.679999203682 123.14590977654231
564.0039992046356 123.44401598560566
564.3279992055893 123.77400920857924
564.651999206543 124.08912288487663
564.9759992074967 124.36318005776788
565.2999992084503 124.59201010199297
565.623999209404 124.78573598759326
565.9479992103577 124.95494124492895
566.2719992113114 125.09728858986068
566.595999212265 125.18999108175298
566.9199992132187 125.19277354769882
567.2439992141724 125.0618348208206
567.5679992151261 124.76679954133907
567.8919992160797 124.30628790736124
568.2159992170334 123.71766650340099
568.5399992179871 123.07381855547455
568.8639992189408 122.46470328557118
569.1879992198944 121.97276553430028
569.5119992208481 121.6491749015412
569.8359992218018 121.49813506000082
570.1599992227555 121.4767052081441
570.4839992237091 121.50945778045964
570.8079992246628 121.5139771565595
571.1319992256165 121.42639507018819
571.4559992265702 121.2212338084075
571.7799992275238 120.91659235518343
572.1039992284775 120.56302553677885
572.4279992294312 120.22294148965395
572.7519992303849 119.94722381639593
573.0759992313385 119.7591755640641
573.3999992322922 119.65099360134
573.7239992332459 119.59162653550146
574.0479992341996 119.54359439539479
574.3719992351532 119.48195509103962
574.6959992361069 119.40430475280651
575.0199992370606 119.32989922092797
575.3439992380142 119.28888949770288
575.6679992389679 119.30748553278828
575.9919992399216 119.39623916649545
576.3159992408753 119.5456593167472
576.639999241829 119.731260832557
576.9639992427826 119.92467998216158
577.2879992437363 120.1052213190598
577.61199924469 120.26700545687116
577.9359992456436 120.41810822917998
578.2599992465973 120.57199098934858
578.583999247551 120.73706352242127
578.9079992485047 120.90915018846673
579.2319992494583 121.06949850767577
579.555999250412 121.18991314773358
579.8799992513657 121.24413709744222
580.2039992523194 121.21767593988191
580.527999253273 121.1122154139159
580.8519992542267 120.94581553225034
581.1759992551804 120.74464669273645
581.4999992561341 120.53139841883822
581.8239992570877 120.31740007518931
582.1479992580414 120.09902600524963
582.4719992589951 119.85983752543224
582.7959992599488 119.57722612704265
583.1199992609024 119.23252128444574
583.4439992618561 118.82054011206105
583.7679992628098 118.35211633428763
584.0919992637635 117.85126812568225
584.4159992647171 117.34970689961175
584.7399992656708 116.87915559036877
585.0639992666245 116.46306173181242
585.3879992675782 116.11184143325046
585.7119992685318 115.8212574059192
586.0359992694855 115.57475000616586
586.3599992704392 115.34850439941404
586.6839992713928 115.11749075924905
587.0079992723465 114.86312259231198
587.3319992733002 114.57789754178725
587.6559992742539 114.26757280424385
587.9799992752075 113.94968501112099
588.3039992761612 113.64721144764086
588.6279992771149 113.38102239611075
588.9519992780686 113.16261952173019
589.2759992790222 112.9905222855461
589.5999992799759 112.8508050394679
589.9239992809296 112.7212776291678
590.2479992818833 112.58033062616289
590.5719992828369 112.41591379211721
590.8959992837906 112.22990215609097
591.2199992847443 112.03855715304404
591.543999285698 111.86717812308196
591.8679992866516 111.7412771169366
592.1919992876053 111.67844998113888
592.515999288559 111.68185185361142
592.8399992895127 111.73908038886503
593.1639992904663 111.82563897155113
593.48799929142 111.91084757455546
593.8119992923737 111.96496695214857
594.1359992933274 111.96511209710118
594.459999294281 111.89883240673576
594.7839992952347 111.76463761369722
595.1079992961884 111.5701133214927
595.431999297142 111.33025119457142
595.7559992980957 111.06532604001117
596.0799992990494 110.79958266639767
596.4039993000031 110.55930958709412
596.7279993009568 110.37035325668043
597.0519993019104 110.25658021681674
597.3759993028641 110.23633008043977
597.6999993038178 110.31882072251902
598.0239993047715 110.50146128844688
598.3479993057251 110.76961487859137
598.6719993066788 111.09714894059256
598.9959993076325 111.44937472816764
599.3199993085861 111.78895687594375
599.6439993095398 112.08179786157983
599.9679993104935 112.30141292349549
600.2919993114472 112.43105735877707
600.6159993124008 112.46315592852234
600.9399993133545 112.39606577264067
601.2639993143082 112.23161736020519
601.5879993152619 111.97341944576718
601.9119993162155 111.6280582380594
602.2359993171692 111.20993686550914
602.5599993181229 110.74510080448809
602.8839993190766 110.27077872849861
603.2079993200302 109.83188757754638
603.5319993209839 109.47189237393141
603.8559993219376 109.21978403511945
604.1799993228913 109.08015736135032
604.5039993238449 109.02862319113495
604.8279993247986 109.0171743335404
605.1519993257523 108.9881837456222
605.475999326706 108.89288732693647
605.7999993276596 108.70833070026434
606.1239993286133 108.44457950909259
606.447999329567 108.14146924066944
606.7719993305207 107.854324662622
607.0959993314743 107.63173304541124
607.419999332428 107.49701616515668
607.7439993333817 107.43885344718123
608.0679993343354 107.41419589638774
608.391999335289 107.36388199688054
608.7159993362427 107.23387608515095
609.0399993371964 106.99570798007925
609.36399933815 106.65768203059983
609.6879993391037 106.2621422777389
610.0119993400574 105.87074828192779
610.3359993410111 105.54266359437766
610.6599993419647 105.31461488259228
610.9839993429184 105.18942330707634
611.3079993438721 105.13567889264931
611.6319993448258 105.09920771324626
611.9559993457794 105.02099926902248
612.2799993467331 104.85616352058231
612.6039993476868 104.58687425910644
612.9279993486405 104.2260123867381
613.2519993495941 103.81201610659232
613.5759993505478 103.39673626641157
613.8999993515015 103.03198510624802
614.2239993524552 102.75716660200597
614.5479993534088 102.59147165845962
614.8719993543625 102.53131822667468
615.1959993553162 102.5528666065023
615.5199993562699 102.61790999506648
615.8439993572235 102.6801566856826
616.1679993581772 102.69192378403919
616.4919993591309 102.61108767134867
616.8159993600846 102.40861660969618
617.1399993610382 102.07443860449699
617.4639993619919 101.6213842227559
617.7879993629456 101.08602670399615
618.1119993638993 100.52298222788583
618.4359993648529 99.99499615769619
618.7599993658066 99.56074201994785
619.0839993667603 99.25994826543256
619.407999367714 99.10384653978527
619.7319993686676 99.07395010439784
620.0559993696213 99.12840316527114
620.379999370575 99.21608544979772
620.7039993715287 99.29190019265965
621.0279993724823 99.33055357079505
621.351999373436 99.33241054273972
621.6759993743897 99.31845499655529
621.9999993753434 99.31908002903037
622.323999376297 99.35878566556816
622.6479993772507 99.44284507688045
622.9719993782044 99.55222150333597
623.295999379158 99.64562607686454
623.6199993801117 99.67044026742623
623.9439993810654 99.5804399152238
624.2679993820191 99.35157103390758
624.5919993829727 98.99152487159606
624.9159993839264 98.53997273225882
625.2399993848801 98.06030862289057
625.5639993858338 97.62315870484461
625.8879993867874 97.2874588896
626.2119993877411 97.0860303348904
626.5359993886948 97.01666937702663
626.8599993896485 97.04301532119221
627.1839993906021 97.10581909269946
627.5079993915558 97.13950859933688
627.8319993925095 97.0884803079802
628.1559993934632 96.9198263303007
628.4799993944168 96.63010568114751
628.8039993953705 96.24316770533972
629.1279993963242 95.80081404855551
629.4519993972779 95.35186657567925
629.7759993982315 94.9411917697491
630.0999993991852 94.60145588320343
630.4239994001389 94.3507977063684
630.7479994010926 94.19280153039708
631.0719994020462 94.11874101768001
631.3959994029999 94.10964849640101
631.7199994039536 94.13774349731555
632.0439994049073 94.16885873851997
632.3679994058609 94.16475975730746
632.6919994068146 94.08878005360256
633.0159994077683 93.91498064887456
633.339999408722 93.63673352148206
633.6639994096756 93.27184103017417
633.9879994106293 92.86319459135638
634.311999411583 92.46893495841508
634.6359994125366 92.14532145368089
634.9599994134903 91.92992234862506
635.283999414444 91.82865868365171
635.6079994153977 91.81328979724756
635.9319994163513 91.83037872214538
636.255999417305 91.81909845249406
636.5799994182587 91.73156769786517
636.9039994192124 91.54780727196963
637.227999420166 91.28131967129569
637.5519994211197 90.97233151717268
637.8759994220734 90.67228685164234
638.1999994230271 90.4264321820258
638.5239994239807 90.26096747437315
638.8479994249344 90.17901759660371
639.1719994258881 90.16429953382386
639.4959994268418 90.18817557012417
639.8199994277954 90.21683965956174
640.1439994287491 90.21751971632837
640.4679994297028 90.16161552924697
640.7919994306565 90.02599952990388
641.1159994316101 89.79647639744958
641.4399994325638 89.47405139421629
641.7639994335175 89.08022552202421
642.0879994344712 88.65947831875549
642.4119994354248 88.27462881312965
642.7359994363785 87.99177002966887
643.0599994373322 87.86012625879373
643.3839994382859 87.89348055403596
643.7079994392395 88.05986341097868
644.0319994401932 88.28554595565798
644.3559994411469 88.47524420517854
644.6799994421006 88.5410169267413
645.0039994430542 88.43069082583693
645.3279994440079 88.14553684629449
645.6519994449616 87.74058045956001
645.9759994459152 87.30727331298014
646.2999994468689 86.94288425248897
646.6239994478226 86.71968343627239
646.9479994487763 86.66311843181164
647.27199944973 86.74652827039348
647.5959994506836 86.90201716575072
647.9199994516373 87.04439137912091
648.243999452591 87.0997864017244
648.5679994535446 87.02678724644669
648.8919994544983 86.8267314434757
649.215999455452 86.53982872422614
649.5399994564057 86.2284818491583
649.8639994573593 85.95627194670101
650.187999458313 85.76952082291778
650.5119994592667 85.68509267638859
650.8359994602204 85.68731066522746
651.159999461174 85.7345977021664
651.4839994621277 85.77330270717408
651.8079994630814 85.753287275014
652.1319994640351 85.6412575164472
652.4559994649887 85.42856127104291
652.7799994659424 85.13235788217541
653.1039994668961 84.79021792498342
653.4279994678498 84.44932249162002
653.7519994688034 84.15472237966463
654.0759994697571 83.93874875162433
654.3999994707108 83.81320632450868
654.7239994716645 83.76851853652136
655.0479994726181 83.77896775155351
655.3719994735718 83.8108145108753
655.6959994745255 83.83245670811927
656.0199994754792 83.82291088332045
656.3439994764328 83.77629377686213
656.6679994773865 83.70185109635044
656.9919994783402 83.6181909297349
657.3159994792939 83.54491522645208
657.6399994802475 83.49377384678914
657.9639994812012 83.46211823837228
658.2879994821549 83.43251677492788
658.6119994831085 83.37801750216369
658.9359994840622 83.27187851915453
659.2599994850159 83.09848133680048
659.5839994859696 82.86145844076437
659.9079994869232 82.58459993198352
660.2319994878769 82.30491877577974
660.5559994888306 82.06107677448298
660.8799994897843 81.8794302198884
661.2039994907379 81.7647318155403
661.5279994916916 81.69827749156039
661.8519994926453 81.64487643942243
662.175999493599 81.56745312996007
662.4999994945526 81.44130775820803
662.8239994955063 81.26348930941136
663.14799949646 81.05338399556003
663.4719994974137 80.84491402671358
663.7959994983673 80.67312948034977
664.119999499321 80.56103950913703
664.4439995002747 80.5117067189224
664.7679995012284 80.5080533002048
665.091999502182 80.52048928629084
665.4159995031357 80.51829533488764
665.7399995040894 80.47914967148178
666.0639995050431 80.3952720881779
666.3879995059967 80.27388318031188
666.7119995069504 80.13121747451311
667.0359995079041 79.98508161025015
667.3599995088578 79.8484141897521
667.6839995098114 79.72630818369345
668.0079995107651 79.61600483771534
668.3319995117188 79.5092977197699
668.6559995126725 79.39637066847612
668.9799995136261 79.26959239131243
669.3039995145798 79.12550088035078
669.6279995155335 78.96523869638403
669.9519995164871 78.79450478256642
670.2759995174408 78.62246490129316
670.5999995183945 78.45926501127478
670.9239995193482 78.31420208800286
671.2479995203018 78.19372748623113
671.5719995212555 78.0989208712433
671.8959995222092 78.02491702906043
672.2199995231629 77.96209498469958
672.5439995241165 77.89918513552085
672.8679995250702 77.82782214766468
673.1919995260239 77.74641770999973
673.5159995269776 77.66269434424336
673.8399995279312 77.59312326029841
674.1639995288849 77.55780848153637
674.4879995298386 77.5736806585841
674.8119995307923 77.64809157474551
675.1359995317459 77.7743955641271
675.4599995326996 77.9312661689472
675.7839995336533 78.0868507686168
676.107999534607 78.204705118981
676.4319995355606 78.25094607380063
676.7559995365143 78.20049501280562
677.079999537468 78.04047656287408
677.4039995384217 77.77253426083341
677.7279995393753 77.41208570653355
678.051999540329 76.98605794309786
678.3759995412827 76.53044966110308
678.6999995422364 76.0864681383623
679.02399954319 75.69501465089371
679.3479995441437 75.38979847449548
679.6719995450974 75.19163398630863
679.995999546051 75.10448903340648
680.3199995470047 75.113398692662
680.6439995479584 75.18693428914762
680.9679995489121 75.28380087973044
681.2919995498657 75.36098050659562
681.6159995508194 75.3836633408165
681.9399995517731 75.33251700600424
682.2639995527268 75.2086839991286
682.5879995536804 75.03410696265814
682.9119995546341 74.84497264570103
683.2359995555878 74.6828268585956
683.5599995565415 74.5818965040477
683.8839995574951 74.55805926129925
684.2079995584488 74.60249490791819
684.5319995594025 74.68071668029327
684.8559995603562 74.73983969275265
685.1799995613098 74.72193619503426
685.5039995622635 74.58074562196877
685.8279995632172 74.2965910878887
686.1519995641709 73.88486225612976
686.4759995651245 73.39675977387165
686.7999995660782 72.90974141474061
687.1239995670319 72.50970053377286
687.4479995679856 72.27054998425326
687.7719995689392 72.23626370306941
688.0959995698929 72.40969842881225
688.4199995708466 72.75272381375574
688.7439995718003 73.19662284339572
689.0679995727539 73.6599305687997
689.3919995737076 74.06831267073555
689.7159995746613 74.36994889455238
690.039999575615 74.5440296719003
690.3639995765686 74.59833914336275
690.6879995775223 74.55958819744329
691.011999578476 74.46158647713483
691.3359995794297 74.33352552151908
691.6599995803833 74.1925226614455
691.983999581337 74.04322777600991
692.3079995822907 73.88072032962947
692.6319995832444 73.69673770355497
692.955999584198 73.48574703976107
693.2799995851517 73.24669454977686
693.6039995861054 72.98352396496286
693.927999587059 72.70351073547678
694.2519995880127 72.41488530976777
694.5759995889664 72.12671698430388
694.8999995899201 71.84986038838768
695.2239995908737 71.59751085309853
695.5479995918274 71.38474520500607
695.8719995927811 71.22670100137238
696.1959995937348 71.13444515273986
696.5199995946884 71.11005349331532
696.8439995956421 71.14383579915678
697.1679995965958 71.21409390301007
697.4919995975495 71.29104865236104
697.8159995985031 71.34441728582475
698.1399995994568 71.35047336321922
698.4639996004105 71.29812536463332
698.7879996013642 71.19030300036633
699.1119996023178 71.04037047675308
699.4359996032715 70.86763597950663
699.7599996042252 70.68995526392996
700.0839996051789 70.51795245718935
700.4079996061325 70.35416825257896
700.7319996070862 70.19438059510867
701.0559996080399 70.0311722129126
701.3799996089936 69.85770676240449
701.7039996099472 69.67137048628074
702.0279996109009 69.47483697458257
702.3519996118546 69.27469124518124
702.6759996128083 69.0807968452983
702.9999996137619 68.9050618693988
703.3239996147156 68.75837789962573
703.6479996156693 68.6483787972274
703.971999616623 68.57801290712248
704.2959996175766 68.54420285068484
704.6199996185303 68.53852578214558
704.943999619484 68.5478630050131
705.2679996204376 68.55757410401303
705.5919996213913 68.55556323612326
705.915999622345 68.5342691531782
706.2399996232987 68.49175186680372
706.5639996242523 68.42969307344109
706.887999625206 68.35018140784409
707.2119996261597 68.25400312936365
707.5359996271134 68.13956589465566
707.859999628067 68.00407589319472
708.1839996290207 67.84710634460463
708.5079996299744 67.67336539444632
708.8319996309281 67.49338880138208
709.1559996318817 67.32213783327208
709.4799996328354 67.17433082080362
709.8039996337891 67.05843354526276
710.1279996347428 66.97268036016919
710.4519996356964 66.9050727323739
710.7759996366501 66.83839574666503
711.0999996376038 66.7577066061823
711.4239996385575 66.65708749471722
711.7479996395111 66.54339476955899
712.0719996404648 66.43496024357367
712.3959996414185 66.3543120665847
712.7199996423722 66.31861510846039
713.0439996433258 66.33238685990585
713.3679996442795 66.38391254090216
713.6919996452332 66.44768906388214
714.0159996461869 66.4918461015527
714.3399996471405 66.48728561087913
714.6639996480942 66.41572608330983
714.9879996490479 66.27246239250064
715.3119996500016 66.06599022607362
715.6359996509552 65.8159024912559
715.9599996519089 65.54736745957736
716.2839996528626 65.28597598010732
716.6079996538163 65.05542550272403
716.9319996547699 64.87462892591054
717.2559996557236 64.75538623083163
717.5799996566773 64.70171226442511
717.903999657631 64.70909028184903
718.2279996585846 64.76491105188842
718.5519996595383 64.8503092451155
718.875999660492 64.9440464866606
719.1999996614456 65.02682486443977
719.5239996623993 65.08385832917142
719.847999663353 65.10614769004212
720.1719996643067 65.09033718952438
720.4959996652603 65.03749122268945
720.819999666214 64.95137432227247
721.1439996671677 64.83672408631715
721.4679996681214 64.70007924895215
721.791999669075 64.55034343164598
722.1159996700287 64.3976576009263
722.4399996709824 64.25162686325608
722.7639996719361 64.1180383247054
723.0879996728897 63.99628253693053
723.4119996738434 63.87964907088397
723.7359996747971 63.757953711637875
724.0599996757508 63.62211234652251
724.3839996767044 63.46956292964502
724.7079996776581 63.308110598779784
725.0319996786118 63.15448319159185
725.3559996795655 63.02945546703151
725.6799996805191 62.951379426502626
726.0039996814728 62.929146846480066
726.3279996824265 62.959050913520606
726.6519996833802 63.02591578828844
726.9759996843338 63.10712271703757
727.2999996852875 63.177837423405194
727.6239996862412 63.21514211781531
727.9479996871949 63.19978578719751
728.2719996881485 63.11656246970703
728.5959996891022 62.95423187421927
728.9199996900559 62.707104301639035
729.2439996910095 62.379468020224294
729.5679996919632 61.98950720628987
729.8919996929169 61.57090410644394
730.2159996938706 61.169431169182516
730.5399996948242 60.83402346520457
730.8639996957779 60.60566973338903
731.1879996967316 60.504710464076375
731.5119996976853 60.524312881264876
731.835999698639 60.63367556975391
732.1599996995926 60.78758395813805
732.4839997005463 60.939959423226576
732.8079997015 61.05746441248643
733.1319997024536 61.12588204627416
733.4559997034073 61.14693626309409
733.779999704361 61.130685037041054
734.1039997053147 61.08567544764718
734.4279997062683 61.01228698481307
734.751999707222 60.903048733098096
735.0759997081757 60.74958974208744
735.3999997091294 60.55197559666098
735.723999710083 60.3250748032422
736.0479997110367 60.098021693133916
736.3719997119904 59.906647489614734
736.6959997129441 59.78166555915483
737.0199997138977 59.735912424199164
737.3439997148514 59.757564896869674
737.6679997158051 59.81407148001596
737.9919997167588 59.86408529005758
738.3159997177124 59.87243644523957
738.6399997186661 59.822894095192716
738.9639997196198 59.723682417899994
739.2879997205735 59.60347101611837
739.6119997215271 59.499389159416
739.9359997224808 59.44123251020078
740.2599997234345 59.43840509127099
740.5839997243881 59.47533016538989
740.9079997253418 59.51655105705519
741.2319997262955 59.51873178204237
741.5559997272492 59.445279351304485
741.8799997282028 59.2792086915952
742.2039997291565 59.029743263410055
742.5279997301102 58.7296967592657
742.8519997310639 58.4251854117091
743.1759997320175 58.16261854303186
743.4999997329712 57.97532370909556
743.8239997339249 57.874497993267305
744.1479997348786 57.848521989620316
744.4719997358322 57.86839686991966
744.7959997367859 57.89719902481957
745.1199997377396 57.9013353345566
745.4439997386933 57.85993718468481
745.7679997396469 57.769139164536355
746.0919997406006 57.64036749599622
746.4159997415543 57.49476412322392
746.739999742508 57.355737017228016
747.0639997434616 57.242986459528936
747.3879997444153 57.16833583048004
747.711999745369 57.13482601555989
748.0359997463227 57.138182217974084
748.3599997472763 57.169215030031395
748.68399974823 57.215641276854775
749.0079997491837 57.262980496233055
749.3319997501374 57.29588615442428
749.655999751091 57.29921060198925
749.9799997520447 57.26056443439838
750.3039997529984 57.17381678566373
750.627999753952 57.04159571913389
750.9519997549057 56.876437619710174
751.2759997558594 56.698860011242544
751.5999997568131 56.53162857901094
751.9239997577668 56.39283074770783
752.2479997587204 56.28961758051734
752.5719997596741 56.215828805886474
752.8959997606278 56.15504569627757
753.2199997615814 56.08714504525937
753.5439997625351 55.996298176606814
753.8679997634888 55.87747475299473
754.1919997644425 55.739082736061086
754.5159997653961 55.599951819727956
754.8399997663498 55.481157002062645
755.1639997673035 55.397189048816514
755.4879997682572 55.350397582384986
755.8119997692108 55.33024250996423
756.1359997701645 55.31571499432096
756.4599997711182 55.2824389728506
756.7839997720719 55.21134177278961
757.1079997730255 55.09423917145062
757.4319997739792 54.93561320233529
757.7559997749329 54.74987131040817
758.0799997758866 54.55642479904996
758.4039997768402 54.37407393626665
758.7279997777939 54.21632060340393
759.0519997787476 54.0893122672799
759.3759997797013 53.99308344721507
759.6999997806549 53.923358007785296
760.0239997816086 53.87379486892111
760.3479997825623 53.83908225046537
760.671999783516 53.81523168726203
760.9959997844696 53.79897301175049
761.3199997854233 53.78702836397608
761.643999786377 53.77495507936804
761.9679997873307 53.75737136579475
762.2919997882843 53.72820735287078
762.615999789238 53.68218690441593
762.9399997901917 53.616897189030496
763.2639997911454 53.53408501755847
763.587999792099 53.439352685558845
763.9119997930527 53.34056953629793
764.2359997940064 53.245555000394965
764.55999979496 53.15906476318328
764.8839997959137 53.08056527875394
765.2079997968674 53.00347696346133
765.5319997978211 52.91630151049998
765.8559997987747 52.80676349713775
766.1799997997284 52.66657408162546
766.5039998006821 52.49502585132705
766.8279998016358 52.30032780345411
767.1519998025894 52.098775424198216
767.4759998035431 51.91072870224902
767.7999998044968 51.75409585826358
768.1239998054505 51.639330299954516
768.4479998064041 51.56577429049127
768.7719998073578 51.52168927165465
769.0959998083115 51.487755956323994
769.4199998092652 51.44256728406282
769.7439998102188 51.369644791454704
770.0679998111725 51.2619368093105
770.3919998121262 51.12406698391247
770.7159998130799 50.97234028651477
771.0399998140335 50.829817292299076
771.3639998149872 50.719167633876346
771.6879998159409 50.656476998953465
772.0119998168946 50.64709255710277
772.3359998178482 50.68289512658678
772.6599998188019 50.74353938846725
772.9839998197556 50.80143145799662
773.3079998207093 50.8286374679665
773.6319998216629 50.804096764867055
773.9559998226166 50.71883947078105
774.2799998235703 50.57854892185606
774.603999824524 50.40193131569827
774.9279998254776 50.216292696989846
775.2519998264313 50.05163950316693
775.575999827385 49.93359175001351
775.8999998283387 49.877023002684915
776.2239998292923 49.882790702437916
776.547999830246 49.937672692156106
776.8719998311997 50.016358027476365
777.1959998321533 50.08725726014425
777.519999833107 50.1202750357086
777.8439998340607 50.093559579339136
778.1679998350144 49.99827662486942
778.491999835968 49.84041680134422
778.8159998369217 49.638458991301405
779.1399998378754 49.4178927401466
779.4639998388291 49.206122647903285
779.7879998397827 49.02611539556587
780.1119998407364 48.89151071864079
780.4359998416901 48.80570785475655
780.7599998426438 48.76178915872113
781.0839998435974 48.7446783076901
781.4079998445511 48.73511087454361
781.7319998455048 48.71249180686211
782.0559998464585 48.658989790636
782.3799998474121 48.5632430538055
782.7039998483658 48.422784793286105
783.0279998493195 48.244996897238224
783.3519998502732 48.045623442837666
783.6759998512268 47.84559978474597
783.9999998521805 47.6662140047314
784.3239998531342 47.52450317513481
784.6479998540879 47.42918887508128
784.9719998550415 47.37957237282315
785.2959998559952 47.36682845257178
785.6199998569489 47.37701107151772
785.9439998579026 47.39610827597992
786.2679998588562 47.41325554526394
786.5919998598099 47.42226183393818
786.9159998607636 47.422181308122916
787.2399998617173 47.41459975669434
787.5639998626709 47.39966085815319
787.8879998636246 47.374163704166634
788.2119998645783 47.33175447765242
788.535999865532 47.26475072466841
788.8599998664856 47.16763365970631
789.1839998674393 47.04042904436188
789.507999868393 46.89024761027127
789.8319998693466 46.73027989687846
790.1559998703003 46.576408783628715
790.479999871254 46.442673667845675
790.8039998722077 46.33696559832207
791.1279998731613 46.25890452336336
791.451999874115 46.200964378827855
791.7759998750687 46.15186631657815
792.0999998760224 46.10108435775944
792.423999876976 46.04297523116994
792.7479998779297 45.97907818500848
793.0719998788834 45.91742310283171
793.3959998798371 45.86898448799001
793.7199998807907 45.84276485502814
794.0439998817444 45.84066485773282
794.3679998826981 45.853958351028844
794.6919998836518 45.86397493427904
795.0159998846054 45.845932568779325
795.3399998855591 45.775467655578844
795.6639998865128 45.63807643618183
795.9879998874665 45.435569531143585
796.3119998884201 45.187857982566115
796.6359998893738 44.930175188345984
796.9599998903275 44.7043545969172
797.2839998912812 44.54716675874582
797.6079998922348 44.478942498193135
797.9319998931885 44.49653149920834
798.2559998941422 44.57335191643587
798.5799998950959 44.6664473563266
798.9039998960495 44.729323141623865
799.2279998970032 44.72646039070154
799.5519998979569 44.64432118531807
799.8759998989105 44.495717649601694
800.1999998998642 44.314996272341276
800.5239999008179 44.14599106557178
800.8479999017716 44.027175498817954
801.1719999027252 43.978519307236034
801.4959999036789 43.99490969667094
801.8199999046326 44.04855642063108
802.1439999055863 44.09949186066512
802.46799990654 44.11006665968822
802.7919999074936 44.05837049404649
803.1159999084473 43.94564827533206
803.439999909401 43.79507798342426
803.7639999103546 43.642288528834044
804.0879999113083 43.522585180783345
804.411999912262 43.45890336991512
804.7359999132157 43.45417446374978
805.0599999141693 43.49215420082643
805.383999915123 43.54523999448238
805.7079999160767 43.58402842419419
806.0319999170304 43.58671043588937
806.355999917984 43.5450956410357
806.6799999189377 43.46373256360083
807.0039999198914 43.35419162665437
807.3279999208451 43.22817950352138
807.6519999217987 43.09260694792912
807.9759999227524 42.94816072429559
808.2999999237061 42.791918558829735
808.6239999246598 42.62199069448504
808.9479999256134 42.44243370355815
809.2719999265671 42.26521675402284
809.5959999275208 42.108266106692255
809.9199999284745 41.99079494090577
810.2439999294281 41.927029407259
810.5679999303818 41.92117081193659
810.8919999313355 41.96530418265291
811.2159999322892 42.04073264647383
811.5399999332428 42.12261535510409
811.8639999341965 42.186021934980246
812.1879999351502 42.21088393552382
812.5119999361038 42.184990955826706
812.8359999370575 42.10511740210899
813.1599999380112 41.97657379036883
813.4839999389649 41.81079373722635
813.8079999399185 41.62240484979236
814.1319999408722 41.42824016068076
814.4559999418259 41.24613501589766
814.7799999427796 41.09332737478102
815.1039999437332 40.98441214196273
815.4279999446869 40.928584331193875
815.7519999456406 40.92701706033694
816.0759999465943 40.97124172674497
816.3999999475479 41.04310906700758
816.7239999485016 41.11774202910544
817.0479999494553 41.169166173229215
817.371999950409 41.17590703956343
817.6959999513626 41.12633057786982
818.0199999523163 41.021831358182105
818.34399995327 40.876300685018705
818.6679999542237 40.712304258678785
818.9919999551773 40.55549085225442
819.315999956131 40.42810518204076
819.6399999570847 40.343529487541396
819.9639999580384 40.30377320846652
820.287999958992 40.30026779476581
820.6119999599457 40.31733612017025
820.9359999608994 40.33667478115137
821.259999961853 40.3427630236306
821.5839999628067 40.32700112139161
821.9079999637604 40.28819255953138
822.2319999647141 40.231195188396974
822.5559999656678 40.1638989780189
822.8799999666214 40.09347807875654
823.2039999675751 40.0239438082199
823.5279999685288 39.95537279719494
823.8519999694824 39.885358843109486
824.1759999704361 39.81142644277012
824.4999999713898 39.733315604252155
824.8239999723435 39.654057639216845
825.1479999732971 39.57905283081258
825.4719999742508 39.51404375934519
825.7959999752045 39.462269847042535
826.1199999761582 39.4226668849096
826.4439999771118 39.38920079446834
826.7679999780655 39.35219777647692
827.0919999790192 39.301092939557606
827.4159999799729 39.22830763038959
827.7399999809265 39.13263638604407
828.0639999818802 39.0195965997114
828.3879999828339 38.89995377052308
828.7119999837876 38.78631401137495
829.0359999847412 38.688718021621916
829.3599999856949 38.61199380042737
829.6839999866486 38.55558077085479
830.0079999876023 38.51551764891721
830.3319999885559 38.487653387768304
830.6559999895096 38.46955520557985
830.9799999904633 38.461353944141344
831.303999991417 38.46382373051746
831.6279999923706 38.47481587507982
831.9519999933243 38.48504849219163
832.275999994278 38.47664487798676
832.5999999952317 38.42509295770782
832.9239999961853 38.30306613784874
833.247999997139 38.08557577772297
833.5719999980927 37.754707043796785
833.8959999990464 37.30445909535275
834.22 36.74495517287268
834.5440000009537 36.10727121328307
834.8680000019074 35.44692412007358
835.192000002861 34.843311916660674
835.5160000038147 34.39239754705369
835.8400000047684 34.19086647826894
836.1640000057221 34.31299205858573
836.4880000066757 34.78616974087978
836.8120000076294 35.5719234709365
837.1360000085831 36.560402883779055
837.4600000095368 37.584944144119326
837.7840000104904 38.455456143929666
838.1080000114441 39.00356560014387
838.4320000123978 39.12575033042196
838.7560000133515 38.811102447657625
839.0800000143051 38.14567523653112
839.4040000152588 37.28965574828481
839.7280000162125 36.4336777772055
840.0520000171662 35.7480372115368
840.3760000181198 35.34033180736314
840.7000000190735 35.23426449401003
841.0240000200272 35.374817849431615
841.3480000209809 35.65497964149613
841.6720000219345 35.95410090610731
841.9960000228882 36.17500576238232
842.3200000238419 36.26749309581865
842.6440000247956 36.232125496409616
842.9680000257492 36.10768239104529
843.2920000267029 35.94888243473017
843.6160000276566 35.80449189133035
843.9400000286103 35.70343893752902
844.2640000295639 35.64954420971532
844.5880000305176 35.62754173692225
844.9120000314713 35.614476321678524
845.236000032425 35.58857521376546
845.5600000333786 35.53535063029619
845.8840000343323 35.45114025262253
846.208000035286 35.34216010495939
846.5320000362397 35.22036762006114
846.8560000371933 35.09984394016902
847.180000038147 34.99560142364095
847.5040000391007 34.921927775477535
847.8280000400543 34.88986059772557
848.152000041008 34.90329693038741
848.4760000419617 34.95454039996054
848.8000000429154 35.02171003552943
849.124000043869 35.068920869970526
849.4480000448227 35.050196306651486
849.7720000457764 34.918165025373085
850.0960000467301 34.63583079733046
850.4200000476837 34.187830362704695
850.7440000486374 33.589400887507715
851.0680000495911 32.889180198604734
851.3920000505448 32.16394011551781
851.7160000514984 31.50561385722868
852.0400000524521 31.003259938148133
852.3640000534058 30.72371120300705
852.6880000543595 30.696321423212687
853.0120000553131 30.905738696301228
853.3360000562668 31.294893240103704
853.6600000572205 31.778797556698077
853.9840000581742 32.265972804528296
854.3080000591278 32.68196391235004
854.6320000600815 32.98722947394332
854.9560000610352 33.184388622576954
855.2800000619889 33.31275586937261
855.6040000629425 33.431044742296706
855.9280000638962 33.593775375416534
856.2520000648499 33.82998494781999
856.5760000658036 34.13142632764579
856.9000000667572 34.45393204033725
857.2240000677109 34.73204180540799
857.5480000686646 34.89990720216067
857.8720000696183 34.911965391672666
858.1960000705719 34.75639840341817
858.5200000715256 34.456106404311555
858.8440000724793 34.05800469835775
859.168000073433 33.61770910326049
859.4920000743866 33.18499508239297
859.8160000753403 32.79340390383384
860.140000076294 32.45992604402365
860.4640000772476 32.1896247417352
860.7880000782013 31.981548422908972
861.112000079155 31.83418968024358
861.4360000801087 31.745042035672824
861.7600000810623 31.706456105089856
862.084000082016 31.703098330518106
862.4080000829697 31.7123043581336
862.7320000839234 31.707908670405498
863.056000084877 31.66790250961269
863.3800000858307 31.58318531630948
863.7040000867844 31.462220108459505
864.0280000877381 31.328660538006627
864.3520000886917 31.21311218916955
864.6760000896454 31.14181326309317
865.0000000905991 31.1269086153024
865.3240000915528 31.162096549853544
865.6480000925064 31.225175358417
865.9720000934601 31.287170433873253
866.2960000944138 31.32353710108442
866.6200000953675 31.323023641710204
866.9440000963211 31.291549324551617
867.2680000972748 31.24894885436667
867.5920000982285 31.22026818692185
867.9160000991822 31.225520030889825
868.2400001001358 31.271388430143578
868.5640001010895 31.348321662865963
868.8880001020432 31.43344236378578
869.2120001029969 31.4978688491946
869.5360001039505 31.5158456826018
869.8600001049042 31.473061961303777
870.1840001058579 31.370817795422408
870.5080001068116 31.22516233238108
870.8320001077652 31.0622751693848
871.1560001087189 30.911115159235475
871.4800001096726 30.795545427655107
871.8040001106262 30.72849203959299
872.1280001115799 30.70891019315233
872.4520001125336 30.722757812677116
872.7760001134873 30.748096061167228
873.100000114441 30.76112295519704
873.4240001153946 30.74333278908254
873.7480001163483 30.68679550164742
874.072000117302 30.596795894398326
874.3960001182556 30.490433335337556
874.7200001192093 30.390942101314756
875.044000120163 30.319415553932796
875.3680001211167 30.287189555097047
875.6920001220703 30.2920034620981
876.016000123024 30.317155466441932
876.3400001239777 30.33734876328432
876.6640001249314 30.328512665806876
876.988000125885 30.275617602099363
877.3120001268387 30.179319325193806
877.6360001277924 30.056944958569385
877.9600001287461 29.935625660283325
878.2840001296997 29.842229643104638
878.6080001306534 29.793680652586936
878.9320001316071 29.790468250248466
879.2560001325608 29.815960900732847
879.5800001335144 29.843136609948836
879.9040001344681 29.844800587730507
880.2280001354218 29.80266913543628
880.5520001363755 29.71267572348586
880.8760001373291 29.584959073915964
881.2000001382828 29.438852171571863
881.5240001392365 29.29421364348275
881.8480001401902 29.163745240270263
882.1720001411438 29.05031709083555
882.4960001420975 28.94798457208964
882.8200001430512 28.84653281559197
883.1440001440048 28.738506180765903
883.4680001449585 28.62427616072069
883.7920001459122 28.51347130615572
884.1160001468659 28.4220858892796
884.4400001478195 28.36692872626971
884.7640001487732 28.359420811975767
885.0880001497269 28.400747386370515
885.4120001506806 28.480332001554082
885.7360001516342 28.578218837670022
886.0600001525879 28.670176970702997
886.3840001535416 28.733047694656964
886.7080001544953 28.75021124337717
887.0320001554489 28.715110495684616
887.3560001564026 28.63179750623024
887.6800001573563 28.5138582711408
888.00400015831 28.381600386087932
888.3280001592636 28.257882967374577
888.6520001602173 28.16333057649903
888.976000161171 28.11208827015932
889.3000001621247 28.108291370664055
889.6240001630783 28.14452084088951
889.948000164032 28.20330443344396
890.2720001649857 28.261790374797613
890.5960001659394 28.298901204556262
890.920000166893 28.301647714305776
891.2440001678467 28.269403291914198
891.5680001688004 28.21416513675868
891.892000169754 28.155885006561977
892.2160001707077 28.114974986336005
892.5400001716614 28.10422101875475
892.8640001726151 28.122740595753324
893.1880001735688 28.154456622089487
893.5120001745224 28.17370958146075
893.8360001754761 28.155150407416798
894.1600001764298 28.082877129529084
894.4840001773835 27.957516035096123
894.8080001783371 27.79790335232183
895.1320001792908 27.63522253094918
895.4560001802445 27.502598774883296
895.7800001811981 27.42468368780018
896.1040001821518 27.41010048176646
896.4280001831055 27.449125932776386
896.7520001840592 27.519165824176785
897.0760001850128 27.59358960986792
897.4000001859665 27.650625466195248
897.7240001869202 27.678903881187086
898.0480001878739 27.678102681262462
898.3720001888275 27.656338207804513
898.6960001897812 27.623416624663875
899.0200001907349 27.586029073133233
899.3440001916886 27.54614918537868
899.6680001926422 27.501908612242556
899.9920001935959 27.45108143221895
900.3160001945496 27.39344504760089
900.6400001955033 27.331375439026097
900.9640001964569 27.2684516867065
901.2880001974106 27.20596534662792
901.6120001983643 27.140425050976017
901.936000199318 27.06485134899341
902.2600002002716 26.971320639192957
902.5840002012253 26.85504087140771
902.908000202179 26.719357788431513
903.2320002031327 26.57684921611277
903.5560002040863 26.445695796395746
903.88000020504 26.343288789273114
904.2040002059937 26.27890102042981
904.5280002069474 26.248768083050223
904.852000207901 26.235890860794978
905.1760002088547 26.215273238134955
905.5000002098084 26.163375616459902
905.824000210762 26.067956970804843
906.1480002117157 25.93423267502658
906.4720002126694 25.785069132080235
906.7960002136231 25.654637457149576
907.1200002145767 25.576333143675907
907.4440002155304 25.570835286082755
907.7680002164841 25.638202148684723
908.0920002174378 25.756851065514326
908.4160002183914 25.89046734171252
908.7400002193451 26.000221862470447
909.0640002202988 26.057903576039227
909.3880002212525 26.05478763440452
909.7120002222061 26.003007916514758
910.0360002231598 25.929509129932928
910.3600002241135 25.86473844696862
910.6840002250672 25.830062055217578
911.0080002260208 25.829848419445387
911.3320002269745 25.850921177396614
911.6560002279282 25.868393669992898
911.9800002288819 25.85602647585982
912.3040002298355 25.796915339245654
912.6280002307892 25.689848475160854
912.9520002317429 25.550113347986407
913.2760002326966 25.403075706096406
913.6000002336502 25.274218108863117
913.9240002346039 25.179820866027736
914.2480002355576 25.122013063319653
914.5720002365113 25.089593717515854
914.8960002374649 25.06265987202886
915.2200002384186 25.02182979970421
915.5440002393723 24.956179455112625
915.868000240326 24.866410746368018
916.1920002412796 24.763424812510607
916.5160002422333 24.66322323790844
916.840000243187 24.579912482143904
917.1640002441407 24.52019208314922
917.4880002450943 24.48181245557628
917.812000246048 24.455133482008268
918.1360002470017 24.42852041615365
918.4600002479553 24.394037954845896
918.784000248909 24.350959347585825
919.1080002498627 24.306516083621382
919.4320002508164 24.27312954711969
919.75600025177 24.263375545392282
920.0800002527237 24.284375010873504
920.4040002536774 24.33476294221997
920.7280002546311 24.404308153019986
921.0520002555847 24.476229958986643
921.3760002565384 24.532068330082502
921.7000002574921 24.556691937369113
922.0240002584458 24.54247605346767
922.3480002593994 24.490564307870557
922.6720002603531 24.4089596532228
922.9960002613068 24.309287903883146
923.3200002622605 24.202336748798167
923.6440002632141 24.094302664538382
923.9680002641678 23.985851380267103
924.2920002651215 23.87360841338474
924.6160002660752 23.753628283946703
924.9400002670288 23.62448514801035
925.2640002679825 23.490301027205184
925.5880002689362 23.361432673913207
925.9120002698899 23.251043055473698
926.2360002708435 23.170426323916974
926.5600002717972 23.12485282420266
926.8840002727509 23.110420308078233
927.2080002737046 23.114064752302564
927.5320002746582 23.11799925170781
927.8560002756119 23.105881358627084
928.1800002765656 23.068897263294836
928.5040002775193 23.0090268541569
928.8280002784729 22.93895230473174
929.1520002794266 22.877363138323968
929.4760002803803 22.841260400599545
929.800000281334 22.83977199841438
930.1240002822876 22.87073953078966
930.4480002832413 22.92178185055903
930.772000284195 22.97517072179378
931.0960002851486 23.014486914878823
931.4200002861023 23.03078246318731
931.744000287056 23.025238755785917
932.0680002880097 23.007287712314636
932.3920002889633 22.98933253018676
932.716000289917 22.981366325870052
933.0400002908707 22.986653657236214
933.3640002918244 23.000350939020375
933.688000292778 23.01294006501208
934.0120002937317 23.01419763179428
934.3360002946854 22.99657504287516
934.6600002956391 22.958179088078627
934.9840002965927 22.902496618572624
935.3080002975464 22.835085854481235
935.6320002985001 22.76067327267062
935.9560002994538 22.681488992189735
936.2800003004074 22.597225421951077
936.6040003013611 22.50718261165189
936.9280003023148 22.41221385447177
937.2520003032685 22.316045158584604
937.5760003042221 22.224762684335566
937.9000003051758 22.144539619805204
938.2240003061295 22.079711114815236
938.5480003070832 22.030517197042734
938.8720003080368 21.992739850633043
939.1960003089905 21.960877687239762
939.5200003099442 21.931143902815382
939.8440003108979 21.903701136134217
940.1680003118515 21.88377705151357
940.4920003128052 21.87934149466669
940.8160003137589 21.8968203668142
941.1400003147126 21.936430023031427
941.4640003156662 21.989421681813077
941.7880003166199 22.038537891365458
942.1120003175736 22.061486614411454
942.4360003185272 22.03731320317288
942.7600003194809 21.954249147901773
943.0840003204346 21.81547285967057
943.4080003213883 21.640297004815917
943.732000322342 21.460601742127263
944.0560003232956 21.313059675395987
944.3800003242493 21.228866221553744
944.704000325203 21.224202245127664
945.0280003261566 21.29483500448621
945.3520003271103 21.415777263708407
945.676000328064 21.54751588507064
946.0000003290177 21.646638275354867
946.3240003299713 21.677873495295884
946.648000330925 21.623520286441607
946.9720003318787 21.48768174617027
947.2960003328324 21.29514606948865
947.620000333786 21.083957197714525
947.9440003347397 20.894573894471556
948.2680003356934 20.75949045473369
948.5920003366471 20.695844143578142
948.9160003376007 20.703008589576246
949.2400003385544 20.764938721107132
949.5640003395081 20.856119771694516
949.8880003404618 20.949969946231842
950.2120003414154 21.024785957434972
950.5360003423691 21.066954637244912
950.8600003433228 21.071968943335182
951.1840003442765 21.042657694550734
951.5080003452301 20.985878522924953
951.8320003461838 20.91008766669045
952.1560003471375 20.823830838568693
952.4800003480912 20.7351326743665
952.8040003490448 20.651681403688293
953.1280003499985 20.57991034922419
953.4520003509522 20.52408923803331
953.7760003519059 20.484704345158935
954.1000003528595 20.457642871602673
954.4240003538132 20.435654570898254
954.7480003547669 20.41017198810183
955.0720003557205 20.373942354515382
955.3960003566742 20.32464109269912
955.7200003576279 20.265227361999454
956.0440003585816 20.20253917929908
956.3680003595352 20.144421266134557
956.6920003604889 20.095588634756066
957.0160003614426 20.054582747808016
957.3400003623963 20.013598440884977
957.6640003633499 19.961538932563883
957.9880003643036 19.888704959017126
958.3120003652573 19.791575524970387
958.636000366211 19.67547435894491
958.9600003671646 19.55469679592024
959.2840003681183 19.448956739815575
959.608000369072 19.377507406510944
959.9320003700257 19.35289480136863
960.2560003709793 19.376997358382887
960.580000371933 19.440556053321572
960.9040003728867 19.526044328814994
961.2280003738404 19.612439970448275
961.552000374794 19.680287974326994
961.8760003757477 19.716770501880752
962.2000003767014 19.717192313221602
962.524000377655 19.68474171364753
962.8480003786087 19.628019837794646
963.1720003795624 19.557933203319244
963.4960003805161 19.485863244663584
963.8200003814698 19.42108180560234
964.1440003824234 19.369945462380795
964.4680003833771 19.33588077586158
964.7920003843308 19.319678320040822
965.1160003852845 19.319588388362543
965.4400003862381 19.33095165400638
965.7640003871918 19.346631904944328
966.0880003881455 19.358187997380973
966.4120003890991 19.356427347039503
966.7360003900528 19.332896180589977
967.0600003910065 19.282167786791238
967.3840003919602 19.202936524845043
967.7080003929138 19.098809376232357
968.0320003938675 18.97915865786309
968.3560003948212 18.85770433068302
968.6800003957749 18.749858889377638
969.0040003967285 18.669954424759496
969.3280003976822 18.627378122012004
969.6520003986359 18.624227768036736
969.9760003995896 18.653821375615404
970.3000004005432 18.701756309952135
970.6240004014969 18.74947307974989
970.9480004024506 18.778669964365363
971.2720004034043 18.776596645117838
971.5960004043579 18.740047198151657
971.9200004053116 18.676238458578908
972.2440004062653 18.600657280490584
972.568000407219 18.53246677639173
972.8920004081726 18.487890013356875
973.2160004091263 18.474299074377956
973.54000041008 18.487004172680365
973.8640004110337 18.510473439740853
974.1880004119873 18.523553567969174
974.512000412941 18.5068229916306
974.8360004138947 18.45017261398174
975.1600004148484 18.35766505375315
975.484000415802 18.24730944225199
975.8080004167557 18.14602346539559
976.1320004177094 18.080314701218253
976.456000418663 18.066244109504154
976.7800004196167 18.103320526900593
977.1040004205704 18.17403478224919
977.4280004215241 18.24911378579195
977.7520004224777 18.296988416444155
978.0760004234314 18.294789347205853
978.4000004243851 18.235251081351407
978.7240004253388 18.12764455775423
979.0480004262924 17.992508298290755
979.3720004272461 17.852701815369787
979.6960004281998 17.7240002544023
980.0200004291535 17.609131477664942
980.3440004301071 17.498630710895387
980.6680004310608 17.37686548335001
980.9920004320145 17.23082464632141
981.3160004329682 17.058150671050843
981.6400004339218 16.87112501481928
981.9640004348755 16.69426504255665
982.2880004358292 16.557486095105453
982.6120004367829 16.487084662068447
982.9360004377365 16.49750109064079
983.2600004386902 16.587567710868594
983.5840004396439 16.740370648684227
983.9080004405976 16.926820914644004
984.2320004415512 17.112538814266593
984.5560004425049 17.263914194263123
984.8800004434586 17.35313982281263
985.2040004444123 17.361910601767644
985.5280004453659 17.28346901978517
985.8520004463196 17.123740884923045
986.1760004472733 16.90026478032135
986.500000448227 16.63996178898534
986.8240004491806 16.375234687812192
987.1480004501343 16.137718670098955
987.472000451088 15.952289107634238
987.7960004520417 15.832274168158058
988.1200004529953 15.776876841295223
988.444000453949 15.772249492877801
988.7680004549027 15.796393959067432
989.0920004558564 15.825669418205772
989.41600045681 15.841278962584205
989.7400004577637 15.834073413624631
990.0640004587174 15.806973747834089
990.388000459671 15.773623713906394
990.7120004606247 15.753900300979401
991.0360004615784 15.768830711613054
991.3600004625321 15.834520731186073
991.6840004634857 15.95698404092827
992.0080004644394 16.129737944412156
992.3320004653931 16.334252920708558
992.6560004663468 16.54250184460681
