1.0 556790238220.4325
2.0 23061606289.160576
3.0 1197949574.9698844
4.0 153436392.08409148
5.0 4693810.762388049
6.0 10285017.045576213
7.0 6362876.7898028605
8.0 22052696.824797776
9.0 6117013.37999117
10.0 4934882.438434062
11.0 4216298.470213985
12.0 8887580.348838503
13.0 3515800.143852921
14.0 6401639.076116844
15.0 3488447.1192545444
16.0 3605455.6936777574
17.0 3485572.145242245
18.0 3354600.588183937
19.0 3378412.5315585462
20.0 3399801.522850923
21.0 4172271.5833686027
22.0 3210333.1015622434
23.0 3130485.2750558597
24.0 3552853.8425981016
25.0 3122750.751426295
26.0 3206394.7556995233
27.0 3269805.8338135635
28.0 3039377.373441333
29.0 3044757.3105562376
30.0 3268382.575361625
31.0 3054567.7946363417
32.0 2962590.54104225
33.0 2904312.6328863604
34.0 2906606.9689320587
35.0 2824435.0888147363
36.0 2906548.7705276776
37.0 2842267.044906919
38.0 2981028.5750730564
39.0 2916860.9624613235
40.0 2779322.0576347443
41.0 3010859.487303363
42.0 2792632.6860493096
43.0 3096015.4275445095
44.0 2725382.669728598
45.0 2734625.771071164
46.0 2714695.132054186
47.0 2703046.2010313678
48.0 2712767.1319924654
49.0 2694456.4372716728
50.0 2694129.6755207353
51.0 2682750.304887921
52.0 2625567.3801713428
53.0 2775843.861320675
54.0 2627538.2901437725
55.0 2588519.61699899
56.0 2586713.0277563385
57.0 2568407.632839747
58.0 2563091.8658471135
59.0 2521708.941429531
60.0 2533585.7672000052
61.0 2539410.3834070223
62.0 2478562.5363994064
63.0 2519742.176464738
64.0 2516536.0687753386
65.0 2456212.255636184
66.0 2450394.7095616953
67.0 2423496.8425824274
68.0 2439283.389582442
69.0 2424941.5071677603
70.0 2409906.085384513
71.0 2404050.577859301
72.0 2375360.725410772
73.0 2361457.6458607567
74.0 2360945.565051236
75.0 2335607.42391368
76.0 2328464.966968627
77.0 2332011.2918889336
78.0 2288902.127267345
79.0 2338246.6470668945
80.0 2273661.397118751
81.0 2303571.667799448
82.0 2278613.1430427334
83.0 2204051.249540671
84.0 2274862.3439657367
85.0 2245239.1153795486
86.0 2241726.9470614996
87.0 2251052.638412611
88.0 2252170.9139396283
89.0 2203425.676719898
90.0 2199965.4593033926
91.0 2166638.660043495
92.0 2178916.285444858
93.0 2152879.994218525
94.0 2108659.5422837255
95.0 2112647.772291011
96.0 2106490.5153418
97.0 2068532.643998419
98.0 2092773.6080254242
99.0 2079295.4679407382
100.0 2099163.040836261
101.0 2084452.8036779398
102.0 2034509.3096924778
103.0 2059240.7195465143
104.0 2017726.038827627
105.0 2030338.465579424
106.0 2057770.9399732398
107.0 2031944.7056326037
108.0 2005764.8762084267
109.0 2007313.8356353906
110.0 1956064.2366636952
111.0 1965120.497472224
112.0 1972741.577427366
113.0 1958300.3822443564
114.0 1940215.3832757634
115.0 1947856.171881824
116.0 1907641.7472181264
117.0 1900761.0993174107
118.0 1922109.371205071
119.0 1888703.9063349478
120.0 1874183.209181585
121.0 1887986.1429183402
122.0 1853657.9932019678
123.0 1900726.627407599
124.0 1863483.7480838706
125.0 1853167.3238016511
126.0 1830130.2850141565
127.0 1856434.4304942326
128.0 1856100.183905466
129.0 1834147.3263725222
130.0 1806564.8339069388
131.0 1806778.5274019337
132.0 1800533.282645772
133.0 1794297.5653607578
134.0 1791155.299650429
135.0 1776384.806388911
136.0 1739064.8614024273
137.0 1745378.2182095428
138.0 1738760.8487952943
139.0 1748828.947558093
140.0 1714178.6670610497
141.0 1703031.834467603
142.0 1717465.2264834607
143.0 1712323.8067832903
144.0 1694095.5020594387
145.0 1715094.1271246267
146.0 1699877.5877682231
147.0 1671689.707028722
148.0 1672448.4885442199
149.0 1658494.256995288
150.0 1656428.4863281033
151.0 1648232.598824
152.0 1628860.3477925297
153.0 1632437.6460652396
154.0 1666379.4279490856
155.0 1650923.4984264122
156.0 1626842.756680531
157.0 1598317.8835123426
158.0 1596016.1163308984
159.0 1616182.1217745233
160.0 1625650.022151161
161.0 1597595.3378982006
162.0 1566465.621526769
163.0 1575618.3281078532
164.0 1549290.2021181982
165.0 1580667.4192636712
166.0 1578045.3378423704
167.0 1572961.4160159137
168.0 1573548.0874042397
169.0 1523904.671798012
170.0 1513653.8427712808
171.0 1524739.6510531441
172.0 1515395.9010067992
173.0 1508504.4911849517
174.0 1493141.4243647575
175.0 1501758.1849986915
176.0 1516374.7798052852
177.0 1484773.4476040457
178.0 1479455.7533328412
179.0 1489079.1218608373
180.0 1471908.5300407475
181.0 1466011.8741117986
182.0 1453522.4925472103
183.0 1455996.678489008
184.0 1445160.2217919617
185.0 1450855.8772656184
186.0 1444408.423452457
187.0 1452618.7987590095
188.0 1443598.6784139357
189.0 1431943.355729249
190.0 1410012.125597828
191.0 1409245.3105707818
192.0 1400529.4666631173
193.0 1373460.1874662016
194.0 1393190.3294030365
195.0 1394189.9662212715
196.0 1375972.4853618017
197.0 1396287.3992268196
198.0 1382888.774242187
199.0 1375267.1468579785
200.0 1358767.9462619873
201.0 1395195.0294274
202.0 1353029.0010564865
203.0 1337864.2709263945
204.0 1343189.6326338563
205.0 1332946.064194758
206.0 1340933.2687487076
207.0 1328787.2862804404
208.0 1348786.95248405
209.0 1308784.3913266447
210.0 1328076.8588885823
211.0 1317432.3748205947
212.0 1310350.6918112813
213.0 1306794.1202018175
214.0 1285604.028100714
215.0 1268659.2444283909
216.0 1271753.4306576985
217.0 1299884.7258634309
218.0 1274373.230349375
219.0 1278558.5130526663
220.0 1295744.0555373586
221.0 1278726.5457964637
222.0 1250140.6288669072
223.0 1268352.5565011222
224.0 1249233.0419632464
225.0 1250208.1316501522
226.0 1240684.8889776552
227.0 1253531.5959020068
228.0 1239586.3285264873
229.0 1236670.6598812528
230.0 1233709.7685388685
231.0 1227035.0221299923
232.0 1239541.746043048
233.0 1227590.734276936
234.0 1203900.5134843944
235.0 1241895.1102810765
236.0 1195090.3731229997
237.0 1206250.7455246784
238.0 1181845.9018554816
239.0 1215764.9617034795
240.0 1177189.9945483534
241.0 1195671.145917222
242.0 1194577.8969805418
243.0 1183789.8881049794
244.0 1183857.1382622572
245.0 1179667.9944866074
246.0 1164775.3283423337
247.0 1162097.9204672677
248.0 1168260.5126088103
249.0 1162915.41922158
250.0 1156322.476888885
251.0 1150981.6877738913
252.0 1135928.5832572628
253.0 1126553.062068847
254.0 1134187.2857257882
255.0 1131122.239095242
256.0 1126219.5245539683
257.0 1130352.6028767778
258.0 1101334.2894496676
259.0 1126410.2468456808
260.0 1112538.5493065186
261.0 1092826.8739570922
262.0 1126938.4571168423
263.0 1108786.8952395786
264.0 1106086.0193032923
265.0 1075379.6038520425
266.0 1069669.3195567608
267.0 1098636.9483393813
268.0 1091406.313524334
269.0 1090439.7785213452
270.0 1069464.1980225055
271.0 1059565.9597985882
272.0 1068634.2581281764
273.0 1069679.0042657037
274.0 1067329.903171329
275.0 1059584.3515251882
276.0 1060904.4578239294
277.0 1044969.141811611
278.0 1046201.0644422348
279.0 1048302.5224004186
280.0 1061314.5168844108
281.0 1040461.5143360699
282.0 1018684.3394266663
283.0 1062177.6273628864
284.0 1003223.5018319526
285.0 1032352.077490453
286.0 1036210.8262118205
287.0 1022621.5074905851
288.0 1032486.619932649
289.0 1031768.0144673968
290.0 1042977.774848528
291.0 1011565.2786826877
292.0 1015036.6484350481
293.0 1015942.7355270265
294.0 1019124.2196167822
295.0 997547.4366121806
296.0 1007398.7256164349
297.0 995559.6202313363
298.0 992006.2793888446
299.0 1004930.1907663698
300.0 999432.405358614
301.0 989355.7937235648
302.0 976213.3833310041
303.0 992724.6243853387
304.0 980067.8069859956
305.0 979572.0362138763
306.0 949011.5321330851
307.0 972823.0328153685
308.0 964695.1259016522
309.0 958988.0405931723
310.0 956062.4354539382
311.0 949898.2959750891
312.0 961433.116560616
313.0 953618.2005489665
314.0 952038.0749703017
315.0 936278.9622667318
316.0 936688.3133953942
317.0 949117.0189695002
318.0 943319.3817087163
319.0 947204.8346930926
320.0 941476.935203725
321.0 930048.2640174583
322.0 936303.6364383007
323.0 929789.7834790043
324.0 922911.4453226229
325.0 937493.3370338263
326.0 909843.0407996706
327.0 941354.9817903575
328.0 917802.9810751074
329.0 907106.8135819888
330.0 933103.1976271389
331.0 912058.3378956644
332.0 895104.6467442332
333.0 914377.1448308451
334.0 893383.4915003949
335.0 897788.5244886144
336.0 913995.0103594348
337.0 900180.9246770177
338.0 903954.0673769049
339.0 891801.4475470706
340.0 907938.5484927974
341.0 884017.5739975392
342.0 878580.2210861213
343.0 900499.129068448
344.0 872916.8076897183
345.0 878054.4479433082
346.0 882816.665651149
347.0 879715.3026705811
348.0 877338.2367462399
349.0 866677.1110893231
350.0 882880.1816241455
351.0 851811.3424684564
352.0 873871.8184086018
353.0 862729.0453470731
354.0 850755.4986310191
355.0 851074.7013337172
356.0 857994.0333686519
357.0 863671.7693073553
358.0 861195.15849937
359.0 853656.0275653847
360.0 858267.2367543253
361.0 847415.6109508389
362.0 836457.4774080511
363.0 842273.2615206819
364.0 857332.0223202804
365.0 850830.2291531027
366.0 827776.0692785915
367.0 832929.9900997422
368.0 844474.698482865
369.0 829997.9991526143
370.0 826750.71827351
371.0 848605.8664094602
372.0 839169.7935068215
373.0 836112.5286890549
374.0 848229.5008312248
375.0 825609.8386254387
376.0 829777.1430629344
377.0 831043.3657487596
378.0 829454.4198765534
379.0 820506.3063128758
380.0 822554.3614492222
381.0 825225.4650071291
382.0 842402.3858021196
383.0 813958.4152403205
384.0 806859.733897112
385.0 827897.402864298
386.0 799531.1276835953
387.0 821846.4067316701
388.0 802191.222445602
389.0 808149.5316244431
390.0 821029.8448860986
391.0 809015.4669196102
392.0 801914.966025172
393.0 807310.3395119882
394.0 819097.8238143255
395.0 802232.0002416705
396.0 814512.5966346742
397.0 787251.9708103368
398.0 794636.196329544
399.0 790234.3452421256
400.0 797870.6185778863
401.0 784163.6720184506
402.0 796517.2874648484
403.0 795701.2167478974
404.0 787728.8117107687
405.0 790790.9046783932
406.0 778695.3945606501
407.0 781357.7452346156
408.0 777472.9816571663
409.0 791029.6097173729
410.0 775959.3702679747
411.0 771160.0972355225
412.0 781572.2576177311
413.0 780021.6980624832
414.0 782330.9377920124
415.0 770647.3770599408
416.0 763961.5965100692
417.0 771065.7764498583
418.0 770544.4474240717
419.0 781341.448623034
420.0 766835.3513834608
421.0 766868.3124139131
422.0 759957.1046439948
423.0 761180.0985675968
424.0 768073.5317136039
425.0 758087.5484138301
426.0 764609.5997971866
427.0 752591.3410438376
428.0 767303.9420200188
429.0 761521.3140218257
430.0 761619.0655291326
431.0 750546.2065920304
432.0 748009.9619657455
433.0 752975.2543009719
434.0 748978.6281190945
435.0 749641.6627864479
436.0 752323.7907313138
437.0 756580.0529786076
438.0 747998.1170516405
439.0 747332.1340333727
440.0 739931.7786560443
441.0 743028.3731314171
442.0 750457.0073695563
443.0 729373.0976496751
444.0 737581.7569730621
445.0 729418.3405729447
446.0 747171.9575864727
447.0 742919.3633428183
448.0 727720.8072926818
449.0 737923.7948501734
450.0 731201.4984957885
451.0 742980.1066266409
452.0 747876.0829766174
453.0 731002.4532636211
454.0 721803.1389643623
455.0 722786.4118663851
456.0 725453.905418476
457.0 730096.243754121
458.0 731920.0500178647
459.0 720699.2871771614
460.0 722117.3314097088
461.0 720774.0797381629
462.0 727056.4611401284
463.0 725782.0972883311
464.0 734683.2959991145
465.0 719263.1176035904
466.0 720926.2130340233
467.0 718599.5299678735
468.0 713027.820748601
469.0 721706.5373743547
470.0 711781.1956533841
471.0 717882.0307222303
472.0 713853.6261921986
473.0 706811.6108449061
474.0 704268.1421913318
475.0 693893.0462523785
476.0 717938.0883408324
477.0 707648.7788569478
478.0 720317.4323908776
479.0 698511.4975624928
480.0 703802.5511404836
481.0 693867.3069821325
482.0 700949.7526399507
483.0 690355.0054507782
484.0 703108.0763606576
485.0 701285.5360510584
486.0 697578.1874186043
487.0 693077.0764790283
488.0 697215.6555429045
489.0 689490.882994245
490.0 703072.9111621417
491.0 687994.1558295384
492.0 686414.8613207246
493.0 692590.8885737959
494.0 695833.8676718114
495.0 679279.7635749675
496.0 682762.1193463551
497.0 686117.7796974598
498.0 683368.6015827189
499.0 681839.2391599911
500.0 684441.3085892214
501.0 669563.9976407296
502.0 685463.1667415627
503.0 676006.2945545177
504.0 681850.1411189667
505.0 687979.5603312744
506.0 677502.1284511191
507.0 684927.1569985182
508.0 663810.8450529376
509.0 660145.4430654634
510.0 665880.4593164821
511.0 669036.5466523799
512.0 677687.7191431843
513.0 655580.7100906543
514.0 667608.540276064
515.0 668181.2617570844
516.0 667574.4771897574
517.0 667527.0846346983
518.0 660516.4614911914
519.0 668020.8735893408
520.0 658058.312050542
521.0 663409.0407595676
522.0 656428.2159856313
523.0 650051.772973355
524.0 660548.1946346586
525.0 659953.6594190857
526.0 661635.9887799167
527.0 656908.4296019992
528.0 663923.3600292986
529.0 655695.7342697892
530.0 646360.237485308
531.0 648852.1016218846
532.0 648810.9688718345
533.0 648657.2164957487
534.0 649171.1207059281
535.0 649700.7493291155
536.0 640137.7908989876
537.0 645668.5468731101
538.0 645791.3831709011
539.0 635172.5392653453
540.0 637504.7155996741
541.0 643438.4929034167
542.0 643226.1180524594
543.0 634091.5447547808
544.0 650350.810329641
545.0 639940.1983989889
546.0 634620.1162470907
547.0 638964.2021328296
548.0 634768.0490126591
549.0 637276.110359933
550.0 628950.4576956708
551.0 625384.1706661488
552.0 640559.6702421419
553.0 623682.7943832588
554.0 632513.536513817
555.0 630037.6406423096
556.0 627784.2348397765
557.0 639946.040075691
558.0 633097.9953591009
559.0 639761.1600945147
560.0 614859.2323787061
561.0 626921.0226178119
562.0 630499.8939501611
563.0 627811.3598358304
564.0 620430.2373605199
565.0 622500.8922381856
566.0 615426.6570902797
567.0 624702.5241045565
568.0 623059.0297133162
569.0 625774.2602040151
570.0 619953.3267161141
571.0 625475.0494157271
572.0 618205.5147895499
573.0 609255.8967433516
574.0 617622.8067184702
575.0 611567.5084393694
576.0 619888.2316441734
577.0 608659.0107138131
578.0 619615.9795144557
579.0 604123.0604120931
580.0 611710.2717428796
581.0 605080.6214274445
582.0 601006.3465211701
583.0 601281.952159977
584.0 611236.0053515485
585.0 596104.3068740171
586.0 608056.5648245704
587.0 603575.0510393974
588.0 595590.5800907252
589.0 601678.8588936537
590.0 598632.6208230854
591.0 601411.7704348915
592.0 602216.0722938315
593.0 596538.6710928754
594.0 593284.329836967
595.0 600957.2444586998
596.0 602448.5475611939
597.0 596965.3069787059
598.0 591105.3641269058
599.0 595042.1831745461
600.0 593467.5326485456
601.0 597104.2309014419
602.0 591606.886721066
603.0 594143.273675402
604.0 592365.8246064043
605.0 590922.3130901243
606.0 574872.3816633013
607.0 593400.8740319735
608.0 588430.3512096968
609.0 582682.6120303104
610.0 583589.3927525538
611.0 590381.7257485201
612.0 582137.5537182054
613.0 597523.01270586
614.0 587808.9663417663
615.0 583360.2804049188
616.0 590006.8692212907
617.0 580265.4625832691
618.0 569513.3290243932
619.0 587976.4666373746
620.0 583517.5845870174
621.0 573538.938600409
622.0 575335.0722750996
623.0 584618.7202392835
624.0 570939.0325692057
625.0 565005.3524300909
626.0 565980.1620552923
627.0 572851.9907168174
628.0 557885.2752036034
629.0 569969.9006485295
630.0 571198.7311798108
631.0 569932.4328059963
632.0 569980.8173443977
633.0 571538.1991770797
634.0 572335.0372135766
635.0 562040.5892214493
636.0 567145.0664450403
637.0 559228.9026380678
638.0 572370.6806703304
639.0 565236.4951937437
640.0 558725.6886794758
641.0 556189.6923940795
642.0 555733.901998334
643.0 560621.9271174276
644.0 559354.75565927
645.0 559156.1896782639
646.0 554848.4211518379
647.0 563928.9230410398
648.0 553274.0601556735
649.0 558777.1411451227
650.0 553807.3516644777
651.0 559500.9253794994
652.0 559442.971005874
653.0 543491.794909398
654.0 545683.1880687587
655.0 552007.051671134
656.0 552406.6078081648
657.0 546535.8471061208
658.0 546691.8866802879
659.0 546050.4418339755
660.0 550173.2759319972
661.0 541639.9714900086
662.0 550307.8329893666
663.0 545000.0465310378
664.0 543896.7567266215
665.0 545723.6658623276
666.0 540471.9991294638
667.0 537453.3212128433
668.0 545352.5554137107
669.0 543626.1922900922
670.0 550977.9489828823
671.0 541027.3837764199
672.0 534940.2628424956
673.0 536612.5638721507
674.0 542484.1665594999
675.0 536246.052921443
676.0 529816.1339997235
677.0 532883.6546548674
678.0 535909.0695987935
679.0 529632.4451248671
680.0 533087.7074020815
681.0 532741.047636079
682.0 525408.9105548671
683.0 528495.7178462651
684.0 527942.4501143188
685.0 534582.5207507339
686.0 533952.7393781131
687.0 526999.845610856
688.0 526942.485248468
689.0 523887.62665133126
690.0 529185.6529158534
691.0 526284.7886344983
692.0 525897.5380124534
693.0 526172.175389293
694.0 516715.07867998915
695.0 519506.15867406473
696.0 521879.6551292723
697.0 513196.1281982253
698.0 526428.0356589771
699.0 524311.1785567142
700.0 520921.113279574
701.0 511519.63187310327
702.0 514358.84811654326
703.0 516463.3904851551
704.0 511186.73613069253
705.0 511300.09316260857
706.0 516037.05276096094
707.0 506715.5440144785
708.0 514952.99881276104
709.0 511642.2375076182
710.0 505737.18151514814
711.0 519696.7197986567
712.0 512319.8406631668
713.0 509779.4861547463
714.0 517491.7505411993
715.0 505616.12776729505
716.0 507727.9819400549
717.0 509851.65320092684
718.0 505758.9858563579
719.0 506617.46898912196
720.0 499358.8440608092
721.0 498696.8573266936
722.0 500005.3697507388
723.0 502164.32627830975
724.0 499399.80866037315
725.0 500109.5463019074
726.0 493013.81909225666
727.0 497082.73435213807
728.0 496150.0546761092
729.0 503721.02993195085
730.0 497832.31787227787
731.0 491911.1262443364
732.0 494531.80919560365
733.0 498379.0644127397
734.0 488563.1305667864
735.0 495375.5580398235
736.0 494273.5357110768
737.0 491168.25752351305
738.0 492535.4342238373
739.0 487025.37674424035
740.0 490762.5330459658
741.0 490056.3534588347
742.0 492350.56990839087
743.0 494753.24289824
744.0 484253.75998044614
745.0 491202.37567899056
746.0 496438.78409972455
747.0 480092.7347867722
748.0 490797.87455014046
749.0 486725.27199695073
750.0 485096.0654494946
751.0 477862.56592029904
752.0 477231.2066324179
753.0 482112.94207846164
754.0 478577.797591877
755.0 473626.48225513945
756.0 475568.939560969
757.0 479491.72176812595
758.0 483191.45835153776
759.0 474374.367195892
760.0 485174.8739827685
761.0 476838.21173737705
762.0 474563.8771480729
763.0 478690.6789437338
764.0 473120.9744521237
765.0 476881.48398707074
766.0 479516.69894199795
767.0 475877.2800415348
768.0 473524.09355528536
769.0 476587.76417657174
770.0 469435.97339062166
771.0 467035.8190801167
772.0 470047.95383224665
773.0 467533.01504969154
774.0 469921.06014784524
775.0 461282.5353278281
776.0 466554.5477214631
777.0 466857.4120828296
778.0 466906.30200828
779.0 469401.1676101554
780.0 464148.6553753126
781.0 467509.2117990659
782.0 465047.85908431833
783.0 461717.455925589
784.0 466128.65156663035
785.0 460389.934774557
786.0 462506.8977359836
787.0 462059.4920673241
788.0 465032.24623639934
789.0 456667.59960813203
790.0 454516.35713718116
791.0 457937.022029392
792.0 458195.4161355434
793.0 462239.3546034987
794.0 455714.6311618043
795.0 456759.4015961777
796.0 453233.3954755054
797.0 455980.6216801624
798.0 455749.4009290409
799.0 449947.4940687153
800.0 443609.9091188837
801.0 449121.05456565873
802.0 447440.286695453
803.0 452378.30813171103
804.0 449646.24428015517
805.0 448051.4708116612
806.0 455653.46916033723
807.0 450600.76669347956
808.0 441641.2690601205
809.0 449366.1842059066
810.0 443426.35465097945
811.0 448135.10640335083
812.0 446912.08946040476
813.0 447452.2272958362
814.0 449881.7712790094
815.0 444763.5318302922
816.0 448749.1078272393
817.0 447041.3820021046
818.0 435553.1553881389
819.0 443097.43296027393
820.0 437413.82283594034
821.0 435534.61133824126
822.0 443345.569326722
823.0 442259.99598345335
824.0 443331.0742363661
825.0 441114.09401206893
826.0 431225.8861343312
827.0 437441.5390605342
828.0 427482.1181881488
829.0 440337.02548046916
830.0 434690.35205709486
831.0 442405.31630663265
832.0 429551.40234342206
833.0 428678.2838556353
834.0 432336.8362156261
835.0 433990.11071328254
836.0 428632.7497212183
837.0 433014.0231456847
838.0 424837.4524304548
839.0 427836.3130629872
840.0 424224.72671859205
841.0 426017.70135593595
842.0 424061.85187124024
843.0 424849.7289615809
844.0 431420.5233924975
845.0 425427.9969152887
846.0 421953.37807274057
847.0 424575.04367968114
848.0 422914.3488472613
849.0 423324.8817320988
850.0 427040.9650053422
851.0 422946.1670781336
852.0 421955.7923147208
853.0 419742.8871595495
854.0 420671.1884862861
855.0 417252.9358163548
856.0 416344.3565114698
857.0 414844.14749423636
858.0 420272.4594897214
859.0 416599.0205195627
860.0 424722.5290287882
861.0 411727.17784173216
862.0 415907.12490602134
863.0 418615.64916689676
864.0 413367.38861398003
865.0 406383.0556096456
866.0 409741.9101438859
867.0 409528.31833052466
868.0 407545.74616095575
869.0 411176.94924204104
870.0 407194.61705593154
871.0 398135.2133834079
872.0 408459.583626725
873.0 408484.16076916683
874.0 407324.4870196839
875.0 416238.80927976436
876.0 407411.06662801764
877.0 410417.327408799
878.0 396229.0270936808
879.0 404049.88441839756
880.0 409142.9027365093
881.0 397389.9822036646
882.0 401813.2106515664
883.0 399961.88360670913
884.0 403942.7893883685
885.0 398259.13030858856
886.0 402722.60449641553
887.0 394586.19492418197
888.0 395240.92557026295
889.0 405547.2860305522
890.0 395532.1978660131
891.0 397860.3082712793
892.0 394327.7025607334
893.0 396863.0430766886
894.0 396903.4569077026
895.0 394902.2418610435
896.0 388478.2995254213
897.0 396348.87645034346
898.0 385910.1438288671
899.0 389018.5288945573
900.0 389514.5761275445
901.0 386483.93301097275
902.0 386295.2094226174
903.0 398153.667078945
904.0 392267.3060487115
905.0 383179.67842089717
906.0 387872.25235330604
907.0 387712.172373261
908.0 382411.5166506955
909.0 393106.2141503163
910.0 382096.1230369964
911.0 386914.24044625397
912.0 385373.21150114655
913.0 389083.02109768736
914.0 379775.8924479758
915.0 384102.4016159993
916.0 385518.1481411282
917.0 389154.07677264174
918.0 383317.839653524
919.0 381973.5508587602
920.0 379711.968662455
921.0 382022.4701051513
922.0 381258.2898965331
923.0 376385.32734256383
924.0 378055.1473999989
925.0 375069.27248294256
926.0 376378.69173920323
927.0 376183.1768999772
928.0 372086.221144652
929.0 376695.3841705599
930.0 380580.27536017133
931.0 374925.7791357998
932.0 377619.7160955422
933.0 375081.82522030856
934.0 368913.24152860395
935.0 368778.55181644426
936.0 378493.27409190946
937.0 363508.4437519094
938.0 373769.9569104387
939.0 365678.13495908445
940.0 368106.48550493986
941.0 363036.35437211866
942.0 359932.28161277407
943.0 363679.36634118593
944.0 374022.90234781284
945.0 371034.1964886076
946.0 365173.567682537
947.0 366659.62541824265
948.0 369372.0886017827
949.0 360850.7649119021
950.0 358330.47951430193
951.0 359548.4576396633
952.0 360958.52171156486
953.0 359145.9294703774
954.0 360499.96394100774
955.0 358306.53265726834
956.0 361206.7999028021
957.0 361258.17647688277
958.0 357279.8087316569
959.0 362532.6212610256
960.0 350977.77230972145
961.0 359304.90864442615
962.0 352146.050991644
963.0 347968.26680975675
964.0 358430.9995430462
965.0 356618.1877319232
966.0 347823.06560826104
967.0 351478.8824466261
968.0 352983.10560799774
969.0 346861.2715918727
970.0 345754.13515024347
971.0 350108.1891582276
972.0 350227.53091645497
973.0 356003.7303523243
974.0 351811.9518362487
975.0 348679.45141372766
976.0 341078.94525301666
977.0 341471.93052107585
978.0 347432.6736244982
979.0 345812.5963648268
980.0 342000.41811587015
981.0 345625.57276358124
982.0 344098.0840644155
983.0 342276.2902079222
984.0 351721.78643197095
985.0 343244.82274091593
986.0 335630.3811734474
987.0 335034.3343080437
988.0 339206.19606286124
989.0 342504.61062253435
990.0 337222.3600666161
991.0 344425.3796467284
992.0 336367.9879137935
993.0 332541.5171210903
994.0 339556.5680863391
995.0 338081.6783948698
996.0 335234.58070482797
997.0 336323.4959245405
998.0 333418.1096413083
999.0 332107.13868076896
1000.0 332303.72553260584
1001.0 332189.11669339694
1002.0 326362.7416352285
1003.0 325174.6067759236
1004.0 325246.65621165256
1005.0 329576.329400167
1006.0 330846.11071744387
1007.0 329767.40448096296
1008.0 330756.85326795385
1009.0 327139.77874212345
1010.0 325616.5796628258
1011.0 330614.9748796724
1012.0 329295.2342299527
1013.0 327195.3274451013
1014.0 330534.654350231
1015.0 326656.71592041274
1016.0 323912.4824241478
1017.0 320146.5169167769
1018.0 326076.64789851516
1019.0 322996.2902370562
1020.0 320657.8891944123
1021.0 317507.14254116145
1022.0 318046.0824650137
1023.0 325548.88918539195
1024.0 318965.32488162525
1025.0 318252.0127740427
1026.0 320775.37437751336
1027.0 314975.3180791403
1028.0 311058.32344807585
1029.0 316986.6917474091
1030.0 318086.5314441446
1031.0 319732.7531089343
1032.0 311802.2901597897
1033.0 316506.83647593163
1034.0 310495.6532837339
1035.0 313645.8904708575
1036.0 311852.887794705
1037.0 312568.0293670177
1038.0 315568.4377124721
1039.0 309607.31905538344
1040.0 311797.6460750412
1041.0 312455.7192693882
1042.0 311241.0207080702
1043.0 306006.93744158966
1044.0 314232.94882374734
1045.0 313971.3281271274
1046.0 311077.23457325745
1047.0 310894.7001280816
1048.0 300622.1875247917
1049.0 313291.07479261537
1050.0 308612.99224190565
1051.0 302507.33520619076
1052.0 306152.21564869385
1053.0 304477.1198525747
1054.0 300119.63085564546
1055.0 301779.29319576285
1056.0 303766.4359791232
1057.0 302479.0188138911
1058.0 304393.21851487254
1059.0 304193.70616543165
1060.0 298760.3348310066
1061.0 302877.3554123651
1062.0 300726.72880522173
1063.0 298967.6733720182
1064.0 297572.23778364924
1065.0 296207.38440991944
1066.0 300174.1926043305
1067.0 300334.6984219473
1068.0 293708.6484223014
1069.0 295596.83591784077
1070.0 295638.6172150796
1071.0 297973.3203438288
1072.0 291011.4440588372
1073.0 292851.6957225929
1074.0 294036.2057718456
1075.0 296032.0731558191
1076.0 293268.2408029485
1077.0 293646.2228256553
1078.0 295118.5644847053
1079.0 291615.90222824423
1080.0 290887.9572489997
1081.0 297404.0709413182
1082.0 289492.24917982594
1083.0 291125.3096157884
1084.0 286196.12485544034
1085.0 291293.95654733194
1086.0 289421.9980187207
1087.0 295492.8078978226
1088.0 286733.53818787506
1089.0 288456.3765427161
1090.0 283785.6264159889
1091.0 286616.7501101397
1092.0 287047.5145595341
1093.0 286813.9671096515
1094.0 279801.37982573785
1095.0 286965.6466836277
1096.0 283101.2333654376
1097.0 282295.43496121536
1098.0 280035.4766814267
1099.0 276975.2058766205
1100.0 277593.43188027386
1101.0 278758.5506612836
1102.0 284267.6513220352
1103.0 281809.8695818929
1104.0 280531.51621858944
1105.0 282776.6836388136
1106.0 276794.4650906903
1107.0 278204.33237870166
1108.0 276534.01047973346
1109.0 274256.69108559564
1110.0 274580.2170682687
1111.0 284403.35029928264
1112.0 273300.3300520581
1113.0 274310.69176073675
1114.0 268296.529104299
1115.0 269951.719834767
1116.0 273194.36189591
1117.0 274447.24165055447
1118.0 268402.6587899117
1119.0 267733.8154138233
1120.0 268243.68286567193
1121.0 275321.1837049998
1122.0 268436.8648806082
1123.0 266818.1668583877
1124.0 266749.6193849986
1125.0 268322.1226011793
1126.0 265778.10883481504
1127.0 261389.84182590523
1128.0 263920.92327878013
1129.0 265244.3014877221
1130.0 264208.4146419163
1131.0 263078.6329495252
1132.0 266938.7080880015
1133.0 267795.2555473232
1134.0 262340.5586579179
1135.0 265621.9220505061
1136.0 263128.5742395827
1137.0 267191.84083613404
1138.0 261916.9661895292
1139.0 260441.29318876326
1140.0 263066.1562269765
1141.0 259349.2819837899
1142.0 262618.2205180916
1143.0 259491.3423550106
1144.0 262782.38571826665
1145.0 256703.76040565994
1146.0 258887.91279898523
1147.0 257386.84260757535
1148.0 257036.3317115261
1149.0 256064.6721323134
1150.0 257236.0070012595
1151.0 255545.15480994864
1152.0 252313.18775711593
1153.0 258288.91693612078
1154.0 258833.88817481825
1155.0 253922.39783509643
1156.0 256852.63547212436
1157.0 253530.44554944502
1158.0 251740.62420897526
1159.0 249894.3111249202
1160.0 249797.33311108546
1161.0 250808.22352484145
1162.0 252631.80066218518
1163.0 254163.67782502703
1164.0 249587.83690697
1165.0 251797.12280620608
1166.0 248092.90338915543
1167.0 251118.54057880185
1168.0 246375.13934062188
1169.0 250808.42346150876
1170.0 250067.28267502275
1171.0 249800.54021010225
1172.0 245997.171580284
1173.0 245226.31534994656
1174.0 252225.51112662366
1175.0 249252.6521663716
1176.0 246951.22914837653
1177.0 245365.50589882533
1178.0 243966.96707025115
1179.0 242417.89625994084
1180.0 241821.7090407044
1181.0 244131.95389153896
1182.0 240692.42271372315
1183.0 243412.59930741086
1184.0 240012.87473300553
1185.0 239994.14907291284
1186.0 240593.0125458445
1187.0 240414.72011746833
1188.0 239625.50880309308
1189.0 241606.87676461166
1190.0 235772.05057742208
1191.0 241043.97785350622
1192.0 237131.05133587928
1193.0 239142.0391329368
1194.0 236806.09169575185
1195.0 234496.58910236612
1196.0 238033.6511854842
1197.0 235052.96297934646
1198.0 236041.3185933272
1199.0 230815.43706515167
1200.0 234583.91652559835
1201.0 234978.54311461718
1202.0 234865.8787480051
1203.0 230151.48313405388
1204.0 229248.49244653026
1205.0 232921.56103164394
1206.0 229985.9430205845
1207.0 234147.70264662366
1208.0 232261.22735403923
1209.0 233809.45782351893
1210.0 230559.26705478586
1211.0 229386.7957740449
1212.0 229270.96446623755
1213.0 227545.2878518296
1214.0 222956.45539693403
1215.0 228150.80299161843
1216.0 230198.4902430653
1217.0 226933.33307160204
1218.0 226226.92807367115
1219.0 223115.77316828334
1220.0 228774.38160903982
1221.0 227007.9847347621
1222.0 226346.62190827198
1223.0 224961.8214422562
1224.0 223401.75902982513
1225.0 224915.80378990108
1226.0 226783.58689472015
1227.0 221980.52882483308
1228.0 220219.66464555732
1229.0 221911.0973839856
1230.0 219467.71799396796
1231.0 219031.69068161733
1232.0 221473.54372558405
1233.0 223000.57618815522
1234.0 216582.43558607125
1235.0 218802.85836669325
1236.0 218726.24131306756
1237.0 216716.13820187797
1238.0 216028.49710425828
1239.0 218582.09400015627
1240.0 215512.27751185163
1241.0 214290.44358239265
1242.0 212442.72641707008
1243.0 212872.68248088245
1244.0 214179.8312169384
1245.0 213941.9536412318
1246.0 211748.4133710293
1247.0 210934.35686517815
1248.0 211486.30926489132
1249.0 211634.42985312073
1250.0 208313.8308480825
1251.0 211935.1022604692
1252.0 210532.17037307928
1253.0 212631.9545116096
1254.0 212741.6119245233
1255.0 208266.59206917425
1256.0 209667.41668708497
1257.0 204921.1520259386
1258.0 211202.55630367107
1259.0 208826.86079787283
1260.0 205742.5968039704
1261.0 205409.16764282962
1262.0 210320.522191982
1263.0 204860.16192407985
1264.0 206028.17840618818
1265.0 203848.933142998
1266.0 206293.45886401917
1267.0 205214.12537130056
1268.0 205428.23753219433
1269.0 203899.01938029236
1270.0 202935.19772151756
1271.0 205741.1360614566
1272.0 200072.50088293303
1273.0 201478.00422621745
1274.0 201965.306080988
1275.0 201615.62095935855
1276.0 199817.11186579324
1277.0 199199.37864028904
1278.0 199429.88164028648
1279.0 202627.39072386432
1280.0 197644.4402427577
1281.0 200165.83799048743
1282.0 196711.2369461713
1283.0 197242.8019214842
1284.0 197757.78360013643
1285.0 194491.59134633018
1286.0 195586.10325557858
1287.0 195023.42891623676
1288.0 196842.59466758894
1289.0 197385.78976092124
1290.0 194071.08865908606
1291.0 196422.77777443864
1292.0 195524.89345822684
1293.0 193441.02204287276
1294.0 195348.25592681393
1295.0 193894.5937281802
1296.0 194984.7699277769
1297.0 193063.58622809433
1298.0 192786.82688009297
1299.0 189364.37252877362
1300.0 193266.1165916214
1301.0 191805.90859127816
1302.0 190722.39380987623
1303.0 187692.44447230786
1304.0 191533.06166626542
1305.0 188049.3392427375
1306.0 190977.8980133932
1307.0 186187.4577982124
1308.0 189433.76023244273
1309.0 186851.3924490635
1310.0 189602.1947625621
1311.0 188753.69265443322
1312.0 184942.41979676287
1313.0 187828.36577435362
1314.0 185907.03662916616
1315.0 187916.2336389624
1316.0 185880.71628928525
1317.0 185845.29461709873
1318.0 185730.5508881666
1319.0 182292.54929132794
1320.0 184015.2564955863
1321.0 183430.6399063774
1322.0 183061.53274130446
1323.0 182533.31601565398
1324.0 182327.85795011063
1325.0 181740.99321330752
1326.0 182656.00850488516
1327.0 183875.09621717865
1328.0 180882.85601566953
1329.0 182147.99474719
1330.0 183132.1809056156
1331.0 181042.66107715387
1332.0 180607.096890411
1333.0 180794.29824341962
1334.0 177204.63687019757
1335.0 180388.8319160114
1336.0 179095.84043343953
1337.0 176764.56770118856
1338.0 179209.3734715529
1339.0 174505.65177033513
1340.0 176841.64195333156
1341.0 178754.26972276598
1342.0 178108.01074026755
1343.0 176513.4714857357
1344.0 174410.67102167426
1345.0 176186.9739053413
1346.0 172153.40844642613
1347.0 175490.42949065036
1348.0 175374.23055672838
1349.0 173123.0468306507
1350.0 173798.95145368174
1351.0 175072.75253762264
1352.0 174871.31472521793
1353.0 174153.5869833073
1354.0 170482.23519790935
1355.0 172303.89264223035
1356.0 170654.36121043
1357.0 170569.62218615622
1358.0 173477.9940997442
1359.0 172594.79657824457
1360.0 169665.61301419736
1361.0 171231.83654141283
1362.0 170402.18238678965
1363.0 172395.7210068709
1364.0 167113.16465167332
1365.0 166817.86804575138
1366.0 168565.25047352305
1367.0 166663.95238632275
1368.0 167056.26742610396
1369.0 165063.734123047
1370.0 166654.5110106091
1371.0 169129.52594122183
1372.0 166310.20140676465
1373.0 164309.51632747264
1374.0 167829.08109411798
1375.0 166970.70600071538
1376.0 163061.393538438
1377.0 163536.19550800882
1378.0 165667.9622504798
1379.0 167125.29486596992
1380.0 166270.10736533106
1381.0 164121.86235783453
1382.0 163384.99072581538
1383.0 163430.17736874742
1384.0 163256.74578243666
1385.0 164114.5154782471
1386.0 162080.4405211734
1387.0 161583.68540977637
1388.0 165450.1979636291
1389.0 163918.5857127546
1390.0 162237.37815628079
1391.0 161568.34880794265
1392.0 161519.1012873214
1393.0 160612.621503996
1394.0 159275.67666717252
1395.0 156634.10852042702
1396.0 159399.32907613227
1397.0 157652.90522543198
1398.0 156438.28731396215
1399.0 160190.42094905526
1400.0 159081.01881899606
1401.0 158647.9596004397
1402.0 155831.42480211065
1403.0 158086.40273856363
1404.0 156845.22537387587
1405.0 158748.45547656322
1406.0 158006.91216635163
1407.0 158397.32304332012
1408.0 158216.29020867462
1409.0 156249.230461905
1410.0 157776.1170329137
1411.0 153268.09983046146
1412.0 152327.40873387546
1413.0 154314.8138642265
1414.0 155175.94583272078
1415.0 153321.07821814294
1416.0 154387.64546529978
1417.0 153133.23538565292
1418.0 153398.10227573293
1419.0 150265.56270260882
1420.0 153176.93538817644
1421.0 149325.9561918538
1422.0 150497.471788261
1423.0 150302.286929179
1424.0 156029.68890175407
1425.0 151033.057532803
1426.0 150324.66433274988
1427.0 152579.63728877666
1428.0 151333.98120452563
1429.0 149914.36589277108
1430.0 151213.6577304656
1431.0 151383.79302820686
1432.0 148281.93891387194
1433.0 148033.9558901326
1434.0 149358.72939462363
1435.0 149526.9754595209
1436.0 144917.76060326633
1437.0 147351.29703168728
1438.0 147393.81736394635
1439.0 144718.87967582565
1440.0 147345.59665406978
1441.0 146014.47817390232
1442.0 145553.04783035067
1443.0 146422.87223835767
1444.0 145574.13722316417
1445.0 146638.76385302766
1446.0 145175.88302364005
1447.0 143723.50622196333
1448.0 144346.8141914607
1449.0 143701.2538703807
1450.0 142654.81316918758
1451.0 142495.12487103528
1452.0 142102.95976705963
1453.0 143747.78877532756
1454.0 141269.3513187669
1455.0 142027.65506527552
1456.0 143903.06114984895
1457.0 140143.79656160125
1458.0 141633.0356206232
1459.0 140632.96596708524
1460.0 142199.83399937963
1461.0 139267.303360911
1462.0 140403.7802093297
1463.0 138864.31534959268
1464.0 139551.32041572352
1465.0 140957.02106474352
1466.0 138464.32980963757
1467.0 139077.72335847782
1468.0 136912.11065328645
1469.0 138395.36385459563
1470.0 140302.2319353701
1471.0 137855.8397231258
1472.0 138459.32343527742
1473.0 136973.36817072108
1474.0 135711.58633278176
1475.0 136662.51535618564
1476.0 137376.59948601335
1477.0 136168.39049865515
1478.0 134780.07911141604
1479.0 134049.20460766848
1480.0 136142.39860784623
1481.0 134943.9431387464
1482.0 131445.78153258542
1483.0 132206.54263659794
1484.0 131035.05824128474
1485.0 132699.08962132866
1486.0 133062.30168266216
1487.0 130206.50304333773
1488.0 131736.97212859313
1489.0 132936.2755823991
1490.0 132091.0852327517
1491.0 132275.3832390066
1492.0 131658.64620761317
1493.0 131703.9927334791
1494.0 130717.74943563997
1495.0 130252.34396741496
1496.0 129005.7644593892
1497.0 127580.63885321122
1498.0 129544.06756940523
1499.0 130345.81842797523
1500.0 128339.14873853093
1501.0 130378.1487429199
1502.0 126541.09600476448
1503.0 126983.46207829176
1504.0 127872.13261032397
1505.0 126061.55507967602
1506.0 125476.91022866595
1507.0 127327.03815809805
1508.0 128640.17234736065
1509.0 126279.02241393563
1510.0 126760.10274553648
1511.0 126659.68895675907
1512.0 122726.64501233932
1513.0 123351.21213436493
1514.0 123404.2386513973
1515.0 123213.0126825865
1516.0 122705.54224300364
1517.0 122523.4829566017
1518.0 122648.95986500097
1519.0 121858.44313975007
1520.0 122161.15078916255
1521.0 121070.03367535287
1522.0 121109.38299890797
1523.0 119730.00476263855
1524.0 121154.87417267975
1525.0 119731.54237026657
1526.0 119213.43961099305
1527.0 120228.23754447454
1528.0 119118.07509837204
1529.0 117146.65260431256
1530.0 118109.22644113106
