ev fond sig
400.0 1250.0 1250.0
401.0 1246.8827930174564 1246.8827930174564
402.0 1243.7810945273632 1243.7810945273632
403.0 1240.6947890818858 1240.6947890818858
404.0 1237.6237623762377 1237.6237623762377
405.0 1234.567901234568 1234.567901234568
406.0 1231.527093596059 1231.527093596059
407.0 1228.5012285012285 1228.5012285012285
408.0 1225.4901960784314 1225.4901960784314
409.0 1222.4938875305625 1222.4938875305625
410.0 1219.5121951219512 1219.5121951219512
411.0 1216.54501216545 1216.54501216545
412.0 1213.5922330097087 1213.5922330097087
413.0 1210.6537530266344 1210.6537530266344
414.0 1207.729468599034 1207.729468599034
415.0 1204.8192771084337 1204.8192771084337
416.0 1201.923076923077 1201.923076923077
417.0 1199.0407673860911 1199.0407673860911
418.0 1196.1722488038276 1196.1722488038276
419.0 1193.3174224343675 1193.3174224343675
420.0 1190.4761904761904 1190.4761904761904
421.0 1187.648456057007 1187.648456057007
422.0 1184.8341232227488 1184.8341232227488
423.0 1182.033096926714 1182.033096926714
424.0 1179.245283018868 1179.245283018868
425.0 1176.4705882352941 1176.4705882352941
426.0 1173.7089201877934 1173.7089201877934
427.0 1170.96018735363 1170.96018735363
428.0 1168.2242990654206 1168.2242990654206
429.0 1165.5011655011656 1165.5011655011656
430.0 1162.7906976744187 1162.7906976744187
431.0 1160.092807424594 1160.092807424594
432.0 1157.4074074074074 1157.4074074074074
433.0 1154.7344110854503 1154.7344110854503
434.0 1152.073732718894 1152.073732718894
435.0 1149.4252873563219 1149.4252873563219
436.0 1146.788990825688 1146.788990825688
437.0 1144.1647597254005 1144.1647597254005
438.0 1141.552511415525 1141.552511415525
439.0 1138.9521640091116 1138.9521640091116
440.0 1136.3636363636363 1136.3636363636363
441.0 1133.7868480725624 1133.7868480725624
442.0 1131.2217194570135 1131.2217194570135
443.0 1128.6681715575621 1128.6681715575621
444.0 1126.126126126126 1126.126126126126
445.0 1123.5955056179776 1123.5955056179776
446.0 1121.0762331838564 1121.0762331838564
447.0 1118.5682326621925 1118.5682326621925
448.0 1116.0714285714287 1116.0714285714287
449.0 1113.5857461024498 1113.5857461024498
450.0 1111.111111111111 1111.111111111111
451.0 1108.6474501108648 1108.6474501108648
452.0 1106.1946902654868 1106.1946902654868
453.0 1103.7527593818984 1103.7527593818984
454.0 1101.3215859030836 1101.3215859030836
455.0 1098.901098901099 1098.901098901099
456.0 1096.4912280701753 1096.4912280701753
457.0 1094.0919037199126 1094.0919037199126
458.0 1091.703056768559 1091.7030567685592
459.0 1089.3246187363834 1089.324618736384
460.0 1086.9565217391305 1086.956521739134
461.0 1084.5986984815618 1084.5986984815786
462.0 1082.2510822510822 1082.2510822511613
463.0 1079.913606911447 1079.9136069118013
464.0 1077.5862068965516 1077.5862068980775
465.0 1075.268817204301 1075.2688172106157
466.0 1072.961373390558 1072.9613734156655
467.0 1070.6638115631692 1070.6638116590875
468.0 1068.3760683760684 1068.3760687281444
469.0 1066.0980810234541 1066.0980822651304
470.0 1063.8297872340424 1063.8297914414873
471.0 1061.5711252653928 1061.5711389637206
472.0 1059.322033898305 1059.3220767488956
473.0 1057.0824524312895 1057.0825812228336
474.0 1054.8523206751054 1054.8526926045045
475.0 1052.6315789473683 1052.6326109428646
476.0 1050.420168067227 1050.4229193863005
477.0 1048.2180293501049 1048.2250771239567
478.0 1046.0251046025105 1046.0424511513895
479.0 1043.8413361169103 1043.8823590741927
480.0 1041.6666666666667 1041.7598839965583
481.0 1039.5010395010395 1039.7045682358573
482.0 1037.344398340249 1037.7713889940733
483.0 1035.1966873706003 1036.0574422600655
484.0 1033.0578512396694 1034.7251559167391
485.0 1030.9278350515465 1034.0311921818834
486.0 1028.80658436214 1034.3571627649917
487.0 1026.694045174538 1036.233961267086
488.0 1024.5901639344263 1040.3467830305317
489.0 1022.4948875255624 1047.5046076061312
490.0 1020.4081632653061 1058.558702254283
491.0 1018.3299389002036 1074.2621469655307
492.0 1016.260162601626 1095.0775695452003
493.0 1014.1987829614604 1120.9612640609569
494.0 1012.1457489878543 1151.1728917163034
495.0 1010.10101010101 1184.172385691626
496.0 1008.0645161290323 1217.6609116173152
497.0 1006.0362173038229 1248.7964450205375
498.0 1004.0160642570281 1274.5702455473656
499.0 1002.0040080160321 1292.2803893121052
500.0 1000.0 1300.0
501.0 998.003992015968 1296.9268870690341
502.0 996.01593625498 1283.5252166300802
503.0 994.0357852882704 1261.4229456140679
504.0 992.063492063492 1233.0938440699497
505.0 990.0990099009902 1201.4079941536288
506.0 988.1422924901186 1169.161834830745
507.0 986.1932938856016 1138.6914121595958
508.0 984.2519685039371 1111.6367254439233
509.0 982.3182711198428 1088.876262554669
510.0 980.3921568627451 1070.6063178210115
511.0 978.4735812133073 1056.5120161105854
512.0 976.5625 1045.9702969952402
513.0 974.6588693957115 1038.235746794763
514.0 972.7626459143969 1032.5799373721109
515.0 970.8737864077669 1028.3753364801078
516.0 968.9922480620155 1025.1300467822216
517.0 967.1179883945841 1022.4874419096118
518.0 965.2509652509652 1020.2060531494997
519.0 963.3911368015414 1018.1322275679311
520.0 961.5384615384615 1016.173678369244
521.0 959.6928982725528 1014.2779198753971
522.0 957.8544061302682 1012.4166167652663
523.0 956.0229445506692 1010.5752164203717
524.0 954.1984732824427 1008.7465926020815
525.0 952.3809523809524 1006.9274076508227
526.0 950.5703422053232 1005.1161578098936
527.0 948.7666034155598 1003.3121831176003
528.0 946.969696969697 1001.5151931965503
529.0 945.179584120983 999.7250520030477
530.0 943.3962264150944 997.9416850603659
531.0 941.6195856873823 996.1650414437149
532.0 939.8496240601504 994.3950789492059
533.0 938.0863039399625 992.6317585790928
534.0 936.3295880149813 990.8750425849727
535.0 934.5794392523364 989.124893803966
536.0 932.8358208955224 987.3812754424699
537.0 931.0986964618249 985.6441510076263
538.0 929.368029739777 983.9134842853089
539.0 927.643784786642 982.1892393321131
540.0 925.925925925926 980.4713804713839
541.0 924.2144177449168 978.759872290372
542.0 922.509225092251 977.0546796377057
543.0 920.8103130755064 975.3557676209609
544.0 919.1176470588235 973.663101604278
545.0 917.4311926605504 971.9766472060049
546.0 915.7509157509157 970.2963702963702
547.0 914.0767824497258 968.6222369951803
548.0 912.4087591240876 966.9542136695421
549.0 910.7468123861566 965.2922669316112
550.0 909.0909090909091 963.6363636363636
551.0 907.4410163339383 961.9864708793928
552.0 905.7971014492754 960.3425559947299
553.0 904.1591320072333 958.7045865526878
554.0 902.5270758122743 957.0725303577289
555.0 900.9009009009009 955.4463554463554
556.0 899.2805755395683 953.8260300850228
557.0 897.6660682226212 952.2115227680757
558.0 896.0573476702509 950.6028022157054
559.0 894.4543828264758 948.9998373719303
560.0 892.8571428571429 947.4025974025974
561.0 891.2655971479501 945.8110516934046
562.0 889.6797153024911 944.2251698479456
563.0 888.0994671403197 942.6449216857742
564.0 886.5248226950355 941.07027724049
565.0 884.9557522123894 939.5012067578439
566.0 883.3922261484099 937.9376806938644
567.0 881.8342151675485 936.379669713003
568.0 880.2816901408451 934.8271446862996
569.0 878.7346221441124 933.280076689567
570.0 877.1929824561404 931.7384370015949
571.0 875.6567425569177 930.2021971023722
572.0 874.1258741258741 928.6713286713286
573.0 872.6003490401396 927.1458035855941
574.0 871.0801393728223 925.6255939182768
575.0 869.5652173913044 924.1106719367589
576.0 868.0555555555555 922.60101010101
577.0 866.5511265164645 921.096581061919
578.0 865.0519031141869 919.5973576596414
579.0 863.5578583765113 918.1033129219658
580.0 862.0689655172414 916.6144200626959
581.0 860.5851979345955 915.13065248005
582.0 859.106529209622 913.6519837550765
583.0 857.6329331046312 912.1783876500857
584.0 856.1643835616438 910.7098381070983
585.0 854.7008547008547 909.2463092463092
586.0 853.2423208191126 907.7877753645671
587.0 851.7887563884157 906.3342109338702
588.0 850.3401360544218 904.8855905998763
589.0 848.8964346349745 903.441889180429
590.0 847.457627118644 902.0030816640985
591.0 846.0236886632825 900.569143208737
592.0 844.5945945945946 899.1400491400491
593.0 843.1703204047218 897.7157749501763
594.0 841.7508417508418 896.2962962962963
595.0 840.3361344537815 894.881588999236
596.0 838.9261744966443 893.4716290420988
597.0 837.5209380234506 892.0663925689051
598.0 836.1204013377926 890.6658558832471
599.0 834.7245409015025 889.269995446957
600.0 833.3333333333334 887.8787878787879
601.0 831.9467554076539 886.4922099531084
602.0 830.5647840531561 885.1102385986106
603.0 829.1873963515754 883.73285089703
604.0 827.8145695364238 882.3600240818784
605.0 826.4462809917355 880.99173553719
606.0 825.0825082508251 879.6279627962796
607.0 823.7232289950576 878.2686835405121
608.0 822.3684210526316 876.9138755980861
609.0 821.0180623973728 875.5635169428273
610.0 819.672131147541 874.2175856929955
611.0 818.3306055646481 872.8760601101026
612.0 816.9934640522875 871.538918597742
613.0 815.6606851549756 870.2061397004301
614.0 814.3322475570033 868.8777021024578
615.0 813.0081300813008 867.5535846267553
616.0 811.6883116883117 866.2337662337662
617.0 810.3727714748784 864.9182260203329
618.0 809.0614886731391 863.6069432185936
619.0 807.7544426494346 862.2998971948891
620.0 806.4516129032259 860.9970674486804
621.0 805.1529790660226 859.6984336114771
622.0 803.8585209003215 858.403975445776
623.0 802.5682182985554 857.1136728440099
624.0 801.2820512820513 855.8275058275058
625.0 800.0 854.5454545454545
626.0 798.7220447284345 853.267499273889
627.0 797.4481658692185 851.993620414673
628.0 796.1783439490446 850.7237984944991
629.0 794.912559618442 849.4580141638965
630.0 793.6507936507936 848.1962481962481
631.0 792.3930269413629 846.9384814868174
632.0 791.1392405063291 845.6846950517836
633.0 789.8894154818325 844.434870027287
634.0 788.6435331230284 843.1889876684829
635.0 787.4015748031496 841.9470293486041
636.0 786.1635220125786 840.7089765580331
637.0 784.9293563579278 839.4748109033823
638.0 783.6990595611285 838.244514106583
639.0 782.4726134585289 837.0180680039834
640.0 781.25 835.7954545454545
641.0 780.0312012480499 834.5766557935044
642.0 778.816199376947 833.3616539224015
643.0 777.6049766718507 832.1504312173053
644.0 776.3975155279503 830.9429700734048
645.0 775.1937984496124 829.7392529950669
646.0 773.9938080495356 828.5392625949901
647.0 772.7975270479135 827.342981593368
648.0 771.604938271605 826.1503928170595
649.0 770.4160246533128 824.9614791987673
650.0 769.2307692307693 823.7762237762238
651.0 768.0491551459294 822.5946096913839
652.0 766.8711656441718 821.4166201896263
653.0 765.6967840735069 820.2422386189614
654.0 764.525993883792 819.0714484292465
655.0 763.3587786259542 817.9042331714087
656.0 762.1951219512196 816.7405764966741
657.0 761.03500761035 815.5804621558045
658.0 759.8784194528876 814.4238739983421
659.0 758.7253414264036 813.2707959718581
660.0 757.5757575757576 812.1212121212121
661.0 756.4296520423601 810.9751065878146
662.0 755.2870090634441 809.8324636088986
663.0 754.1478129713424 808.6932675167969
664.0 753.0120481927711 807.5575027382256
665.0 751.8796992481203 806.4251537935749
666.0 750.7507507507507 805.2962052962052
667.0 749.6251874062968 804.1706419517513
668.0 748.502994011976 803.0484485574306
669.0 747.3841554559043 801.9296100013588
670.0 746.2686567164179 800.8141112618724
671.0 745.156482861401 799.7019374068554
672.0 744.047619047619 798.5930735930735
673.0 742.9420505200594 797.4875050655139
674.0 741.839762611276 796.3852171567305
675.0 740.7407407407408 795.2861952861954
676.0 739.6449704142012 794.190424959658
677.0 738.5524372230428 793.097891768529
678.0 737.4631268436578 792.0085813894983
679.0 736.3770250368188 790.9224795864831
680.0 735.2941176470588 789.8395722336005
681.0 734.2143906020558 788.7598455063758
682.0 733.1378299120234 787.6832872624411
683.0 732.0644216691069 786.6098958345134
684.0 730.9941520467836 785.539729406557
685.0 729.92700729927 784.473149841722
686.0 728.862973760933 783.4118775053803
687.0 727.802037845706 782.36296821516
688.0 726.7441860465116 781.3517854785605
689.0 725.6894049346879 780.4582109842917
690.0 724.6376811594203 779.9016324696224
691.0 723.589001447178 780.2033607461904
692.0 722.543352601156 782.4218211280775
693.0 721.5007215007215 788.3537386538595
694.0 720.4610951008646 800.440242305637
695.0 719.4244604316547 821.0445112010835
696.0 718.3908045977012 851.0007199526758
697.0 717.3601147776184 887.9531530501501
698.0 716.3323782234957 925.6479983009851
699.0 715.307582260372 955.2798980682115
700.0 714.2857142857143 968.8311688311688
701.0 713.2667617689016 962.7342528362493
702.0 712.2507122507122 939.566875052062
703.0 711.2375533428165 906.6556640566968
704.0 710.2272727272727 872.5672811930934
705.0 709.2198581560284 843.7278833056163
706.0 708.2152974504249 822.903525968057
707.0 707.2135785007072 809.7163899353983
708.0 706.2146892655368 802.1782210239063
709.0 705.2186177715091 798.0984390318575
710.0 704.2253521126761 795.8217353986457
711.0 703.2348804500704 794.3583871258585
712.0 702.2471910112359 793.2161234438788
713.0 701.2622720897616 792.1863047556639
714.0 700.2801120448179 791.1925408345935
715.0 699.3006993006993 790.2104573594007
716.0 698.3240223463687 789.233232563376
717.0 697.350069735007 788.2591797345873
718.0 696.3788300835655 787.2879237258677
719.0 695.4102920723227 786.3193833315546
720.0 694.4444444444445 785.353535393671
721.0 693.4812760055479 784.3903669187554
722.0 692.5207756232687 783.4298665327374
723.0 691.5629322268327 782.4720231359546
724.0 690.6077348066299 781.516825715723
725.0 689.6551724137931 780.5642633228841
726.0 688.7052341597796 779.6143250688705
727.0 687.757909215956 778.6670001250469
728.0 686.8131868131868 777.7222777222777
729.0 685.8710562414266 776.7801471505175
730.0 684.931506849315 775.8405977584059
731.0 683.9945280437756 774.9036189528665
732.0 683.0601092896175 773.9692001987083
733.0 682.1282401091405 773.0373310182314
734.0 681.1989100817439 772.1080009908347
735.0 680.2721088435375 771.1811997526283
736.0 679.3478260869565 770.2569169960474
737.0 678.42605156038 769.3351424694708
738.0 677.5067750677507 768.4158659768416
739.0 676.5899864682003 767.4990773772912
740.0 675.6756756756756 766.5847665847665
741.0 674.7638326585695 765.6729235676604
742.0 673.8544474393531 764.763538348444
743.0 672.9475100942127 763.8566010033036
744.0 672.0430107526881 762.952101661779
745.0 671.1409395973154 762.0500305064063
746.0 670.2412868632708 761.1503777723617
747.0 669.3440428380187 760.2531337471096
748.0 668.4491978609626 759.3582887700535
749.0 667.5567423230974 758.4658332321883
750.0 666.6666666666666 757.5757575757575
751.0 665.7789613848203 756.6880522939111
752.0 664.8936170212766 755.8027079303674
753.0 664.0106241699867 754.9197150790776
754.0 663.1299734748011 754.039064383892
755.0 662.2516556291391 753.16074653823
756.0 661.3756613756614 752.2847522847522
757.0 660.5019815059445 751.4110724150354
758.0 659.6306068601583 750.5396977692492
759.0 658.7615283267457 749.6706192358366
760.0 657.8947368421053 748.8038277511962
761.0 657.030223390276 747.9393142993669
762.0 656.1679790026246 747.0770699117155
763.0 655.307994757536 746.2170856666269
764.0 654.4502617801047 745.3593526891956
765.0 653.59477124183 744.5038621509209
766.0 652.7415143603133 743.6506052694042
767.0 651.8904823989569 742.7995733080478
768.0 651.0416666666666 741.9507575757575
769.0 650.1950585175553 741.1041494266461
770.0 649.3506493506494 740.2597402597403
771.0 648.5084306095979 739.4175215186888
772.0 647.6683937823834 738.5774846914743
773.0 646.8305304010349 737.7396213101258
774.0 645.9948320413437 736.9039229504345
775.0 645.1612903225806 736.0703812316715
776.0 644.3298969072165 735.2389878163074
777.0 643.5006435006435 734.4097344097344
778.0 642.6735218508998 733.5826127599906
779.0 641.8485237483953 732.7576146574862
780.0 641.025641025641 731.9347319347319
781.0 640.2048655569782 731.1139564660691
782.0 639.386189258312 730.2952801674029
783.0 638.5696040868455 729.4786949959364
784.0 637.7551020408164 728.6641929499084
785.0 636.9426751592357 727.8517660683826
786.0 636.1323155216285 727.0414064328241
787.0 635.3240152477764 726.2331062184301
788.0 634.5177664974619 725.4268588090343
789.0 633.7135614702155 724.6226772661939
790.0 632.9113924050633 723.820827312653
791.0 632.1112515802781 723.024046565007
792.0 631.3131313131313 722.2532946655193
793.0 630.517023959647 721.6292073172824
794.0 629.7229219143577 721.6664652002275
795.0 628.930817610063 723.947078218114
796.0 628.1407035175879 731.7666407563378
797.0 627.3525721455458 748.990200110284
798.0 626.5664160401003 775.4992988127298
799.0 625.7822277847309 802.5280832692575
800.0 625.0 815.9090909090909
801.0 624.2197253433209 807.9278521469025
802.0 623.4413965087282 784.7868155020319
803.0 622.66500622665 760.0550995997935
804.0 621.8905472636816 742.8710251588612
805.0 621.1180124223603 734.0902852003832
806.0 620.3473945409429 730.4236688074807
807.0 619.5786864931846 728.8642287934006
808.0 618.8118811881188 727.9327110408038
809.0 618.0469715698393 727.1414611846365
810.0 617.283950617284 726.3751932829982
811.0 616.5228113440197 725.6137446312867
812.0 615.7635467980296 724.8544572555443
813.0 615.0061500615006 724.0970592125121
814.0 614.2506142506143 723.3415233435817
815.0 613.4969325153374 722.5878416063014
816.0 612.7450980392157 721.8360071301258
817.0 611.9951040391677 721.0860131300768
818.0 611.2469437652812 720.3378528561902
819.0 610.5006105006105 719.5915195915195
820.0 609.7560975609756 718.8470066518846
821.0 609.0133982947625 718.1043073856715
822.0 608.272506082725 717.363415173634
823.0 607.5334143377886 716.6243234286976
824.0 606.7961165048544 715.8870255957634
825.0 606.060606060606 715.151515151515
826.0 605.3268765133172 714.4177856042262
827.0 604.5949214026602 713.6858304935693
828.0 603.864734299517 712.955643390426
829.0 603.1363088057901 712.2272178966991
830.0 602.4096385542168 711.5005476451258
831.0 601.6847172081829 710.7756262990919
832.0 600.9615384615385 710.0524475524475
833.0 600.2400960384153 709.3310051293244
834.0 599.5203836930456 708.6112927839546
835.0 598.8023952095808 707.8933043004898
836.0 598.0861244019138 707.1770334928228
837.0 597.3715651135007 706.4624742044097
838.0 596.6587112171837 705.7496203080927
839.0 595.9475566150179 705.0384657059269
840.0 595.2380952380952 704.3290043290042
841.0 594.5303210463734 703.6212301372824
842.0 593.8242280285035 702.9151371194125
843.0 593.1198102016607 702.2107192925697
844.0 592.4170616113744 701.5079707022834
845.0 591.7159763313609 700.8068854222699
846.0 591.016548463357 700.107457554266
847.0 590.318772136954 699.409681227863
848.0 589.622641509434 698.713550600343
849.0 588.9281507656066 698.0190598565156
850.0 588.2352941176471 697.3262032085561
851.0 587.5440658049354 696.6349748958444
852.0 586.8544600938967 695.9453691848057
853.0 586.1664712778429 695.2573803687519
854.0 585.480093676815 694.571002767724
855.0 584.7953216374269 693.8862307283359
856.0 584.1121495327103 693.2030586236193
857.0 583.4305717619603 692.5214808528693
858.0 582.7505827505828 691.8414918414918
859.0 582.0721769499418 691.1630860408508
860.0 581.3953488372093 690.4862579281183
861.0 580.7200929152149 689.8110020061239
862.0 580.046403712297 689.137312803206
863.0 579.3742757821552 688.4651848730642
864.0 578.7037037037037 687.7946127946127
865.0 578.0346820809249 687.1255911718339
866.0 577.3672055427252 686.4581146336342
867.0 576.7012687427913 685.7921778337003
868.0 576.036866359447 685.127775450356
869.0 575.3739930955121 684.4649021864211
870.0 574.7126436781609 683.8035527690699
871.0 574.052812858783 683.143721949692
872.0 573.394495412844 682.485404503753
873.0 572.737686139748 681.828595230657
874.0 572.0823798627002 681.1732889536092
875.0 571.4285714285714 680.5194805194805
876.0 570.7762557077625 679.8671647986715
877.0 570.1254275940707 679.2163366849798
878.0 569.4760820045558 678.5669910954648
879.0 568.8282138794084 677.9191229703174
880.0 568.1818181818181 677.2727272727271
881.0 567.5368898978434 676.6277989887524
882.0 566.8934240362812 675.9843331271902
883.0 566.2514156285391 675.3423247194481
884.0 565.6108597285067 674.7017688194157
885.0 564.9717514124294 674.0626605033384
886.0 564.3340857787811 673.4249948696901
887.0 563.6978579481398 672.7887670390488
888.0 563.063063063063 672.1539721539721
889.0 562.429696287964 671.520605378873
890.0 561.7977528089888 670.8886618998978
891.0 561.1672278338945 670.2581369248035
892.0 560.5381165919282 669.6290256828372
893.0 559.9104143337066 669.0013234246156
894.0 559.2841163310962 668.3750254220053
895.0 558.659217877095 667.750126968004
896.0 558.0357142857143 667.1266233766233
897.0 557.4136008918617 666.5045099827707
898.0 556.7928730512249 665.8837821421339
899.0 556.1735261401557 665.2644352310647
900.0 555.5555555555555 664.6464646464646
901.0 554.9389567147614 664.0298658056704
902.0 554.3237250554324 663.4146341463414
903.0 553.7098560354374 662.8007651263464
904.0 553.0973451327434 662.1882542236524
905.0 552.4861878453039 661.5770969362129
906.0 551.8763796909492 660.9672887818582
907.0 551.2679162072767 660.3588252981857
908.0 550.6607929515418 659.7517020424508
909.0 550.05500550055 659.145914591459
910.0 549.4505494505495 658.5414585414585
911.0 548.847420417124 657.938329508033
912.0 548.2456140350877 657.3365231259967
913.0 547.645125958379 656.736035049288
914.0 547.0459518599563 656.1368609508653
915.0 546.448087431694 655.538996522603
916.0 545.8515283842795 654.9424374751885
917.0 545.2562704471102 654.3471795380192
918.0 544.6623093681917 653.7532184591007
919.0 544.069640914037 653.160550004946
920.0 543.4782608695652 652.5691699604743
921.0 542.8881650380022 651.9790741289112
922.0 542.2993492407809 651.3902583316899
923.0 541.7118093174431 650.8027184083521
924.0 541.1255411255411 650.2164502164501
925.0 540.5405405405405 649.6314496314495
926.0 539.9568034557235 649.0477125466325
927.0 539.3743257820928 648.4652348730018
928.0 538.7931034482758 647.8840125391848
929.0 538.2131324004306 647.3040414913396
930.0 537.6344086021505 646.7253176930595
931.0 537.0569280343716 646.1478371252806
932.0 536.480686695279 645.571595786188
933.0 535.9056806002144 644.9965896911234
934.0 535.3319057815846 644.4228148724936
935.0 534.75935828877 643.850267379679
936.0 534.1880341880342 643.2789432789432
937.0 533.6179295624333 642.7088386533424
938.0 533.0490405117271 642.1399496026361
939.0 532.4813631522896 641.5722722431987
940.0 531.9148936170212 641.0058027079302
941.0 531.3496280552604 640.4405371461694
942.0 530.7855626326964 639.8764717236054
943.0 530.2226935312831 639.3136026221921
944.0 529.6610169491526 638.7519260400616
945.0 529.1005291005291 638.1914381914381
946.0 528.5412262156448 637.6321353065538
947.0 527.9831045406547 637.0740136315637
948.0 527.4261603375527 636.5170694284617
949.0 526.8703898840885 635.9612989749975
950.0 526.3157894736842 635.4066985645932
951.0 525.7623554153523 634.8532645062613
952.0 525.2100840336135 634.3009931245225
953.0 524.6589716684156 633.7498807593246
954.0 524.1090146750524 633.1999237659614
955.0 523.5602094240837 632.6511185149927
956.0 523.0125523012553 632.1034613921643
957.0 522.466039707419 631.556948798328
958.0 521.9206680584551 631.0115771493641
959.0 521.376433785193 630.467342876102
960.0 520.8333333333334 629.9242424242424
961.0 520.2913631633714 629.3822722542805
962.0 519.7505197505197 628.8414288414288
963.0 519.2107995846313 628.3017086755403
964.0 518.6721991701245 627.7631082610335
965.0 518.1347150259068 627.2256241168158
966.0 517.5983436853002 626.6892527762092
967.0 517.063081695967 626.153990786876
968.0 516.5289256198347 625.6198347107437
969.0 515.9958720330237 625.0867811239327
970.0 515.4639175257732 624.5548266166822
971.0 514.9330587023687 624.0239677932777
972.0 514.40329218107 623.494201271979
973.0 513.874614594039 622.965523684948
974.0 513.347022587269 622.437931678178
975.0 512.8205128205128 621.9114219114218
976.0 512.2950819672132 621.3859910581222
977.0 511.77072671443193 620.8616358053409
978.0 511.2474437627812 620.3383528536903
979.0 510.7252298263534 619.8161389172625
980.0 510.2040816326531 619.2949907235621
981.0 509.683995922528 618.7749050134371
982.0 509.1649694501018 618.2558785410108
983.0 508.646998982706 617.737908073615
984.0 508.130081300813 617.220990391722
985.0 507.61421319796955 616.7051222888786
986.0 507.0993914807302 616.1903005716392
987.0 506.5856129685917 615.6765220595007
988.0 506.07287449392715 615.1637835848362
989.0 505.5611729019211 614.6520819928302
990.0 505.050505050505 614.1414141414141
991.0 504.54086781029264 613.6317769012016
992.0 504.03225806451616 613.1231671554252
993.0 503.5246727089627 612.6155817998717
994.0 503.01810865191146 612.1090177428205
995.0 502.51256281407035 611.6034719049794
996.0 502.00803212851406 611.0989412194231
997.0 501.5045135406219 610.5954226315309
998.0 501.00200400801606 610.0929130989251
999.0 500.5005005005005 609.5914095914095
