x y z
5.868594654351633 2.8021554728690483 7.051411079418356
2.2737472147390347 5.06821783213417 8.518837066377426
1.9123300088768178 5.887314512074059 7.810009453919483
6.624055216552633 6.907042339307002 2.61224902679361
4.843122741875809 2.73672116892262 7.386211310501421
3.720733491658127 4.194124085395375 7.796870424604318
7.369548238353373 5.879670730054012 5.1870567801716225
2.2713616986391236 7.964728694537688 4.713765012938816
5.962399671118789 2.651509076487365 7.65618079793989
2.2769287275613794 3.2937484777092703 9.766669004345156
9.623364403043267 3.612010415889027 2.356382440020098
4.982160390469716 5.758721973228711 5.2233378529363526
7.551757417944567 6.001905963025313 5.131979792639742
7.010479663356206 6.044420301678181 2.2022578644318203
1.5399800959594738 8.704086706769724 6.389935579666757
4.510084946776113 4.331150662074078 6.89675431506823
3.6007348970498225 2.825560340788809 8.3863562088529
4.995160465120983 6.29724329350709 5.743804045650767
3.681295545523424 2.4763182260114043 8.033276347238093
5.045055079625553 2.179155253872496 9.399407707999067
5.253718856387912 2.6810188494110756 8.374306941571035
3.8063750868350645 9.184271506144594 4.425248771266415
5.6854631862344815 8.247229770603816 3.1957027903145616
7.859012419599224 3.9756351760139386 5.059206311760088
1.561927843993925 2.9788411048283576 8.438227357615652
6.896078522599283 4.500258058499393 4.6214042575474465
1.937120534992143 7.107454246113104 6.799787997213093
8.747781872545291 5.048019048081504 2.0879224691157376
0.9114638404766531 3.4405178431133017 8.940591390535547
1.7066881299495342 6.405360425272875 7.180914845297061
2.406983997249927 3.4049713240482027 9.124605013001478
2.4518876806877574 3.055255726821099 9.014581023103167
1.413362323569883 5.829772830511626 8.662041022797947
7.192144803503404 7.100256536465108 3.953681826193559
1.6144649232847486 5.252414602850899 7.188397989215679
4.982617469502738 8.16271396219723 5.431078340243136
3.668346484954828 1.9110007002778178 8.235856241244175
3.0321774950161062 8.702986424331508 3.7376249329707854
4.474803631546774 7.12105221270107 4.286053923911242
3.0861875185540737 7.3741917823780065 5.351926236350501
8.295124286810115 4.049244295226372 4.791608973608132
2.9741580363688396 7.451932672047086 5.3078014974327274
8.035435727404284 5.871478744077511 2.6440619109528263
6.395437570390411 6.425983979695513 5.512988918480912
5.974334584804231 6.710045792501121 6.222165490046551
7.0635473822517145 3.381666938106159 4.626808625773808
5.164593577799882 6.314708929184071 5.808915113119062
7.637755123519982 4.032129470422609 3.587150454335953
3.527310665472449 3.071535732787264 9.805483038575218
2.3498119398685864 8.192270678092758 5.2164371533639615
6.725805245074369 3.940666647459071 4.837502969026172
4.189458637737314 9.16815835580692 3.8749399888189004
7.861547333578053 3.3338616810418555 4.740751880518394
2.968245896717879 1.7617070561464103 8.92401535198701
2.651527338560243 3.5461813768379775 9.772687251773053
4.389888107796947 8.46676865373747 3.465710061090293
1.0827812654586768 5.277824944662928 9.412441849524232
7.566460172868062 7.158711528772996 2.14617248738768
7.709243923690778 4.3039610535791635 2.341054844300802
6.309526246992806 6.650789250985533 5.194708053815237
5.573022340225209 8.273810080460908 3.53719939542754
2.1274739345330556 8.83749025995526 5.701014777267719
3.2398759201954483 2.032413650946427 9.172688629755903
1.6839160222595742 4.619523433429455 8.793743295140683
3.8387655835290024 3.195961395130784 9.531366800062662
5.774604730554218 5.756917782510444 4.380133676912764
3.3122790006305687 9.076962686958785 3.4552852788879194
6.63900453947862 5.042788374419711 3.858600432927918
2.259377762628145 4.437665453088427 8.882851957267095
7.138387960549347 4.462706416185118 5.504050575699377
0.9620912389256084 5.049433490346773 7.554424999196071
2.0790121648885473 8.684520230104656 6.263058242147488
3.2198828003137505 8.692385687271466 2.0083789373642373
2.0012420251512526 3.9777079564709092 10.030786988485001
2.516299513799384 7.291796046233091 5.949012140007372
3.7862325794021707 7.707622409094198 5.3251615966135795
2.926958208631902 5.197479373561961 7.288181287585516
6.932278087560893 6.632861494014224 2.063678880140767
2.5205511428198255 4.803452570133709 8.113287752954859
2.69862666584108 7.57970802800547 5.562453139520245
8.360920166331129 3.2068925409224507 2.300260829904174
2.327925778951807 3.184840687803055 8.503379469397508
5.495443649495294 5.261221809429041 6.486375222559331
1.9012407375318319 9.273774045041558 1.9110206142504629
4.1405494525186874 1.7924605826475457 9.599090710692048
2.8535364328519526 6.119260338626216 7.507756855870432
3.7043496026645815 7.840074716698658 2.658415266188263
1.6746273622495467 9.45753415613799 4.584742255245933
1.291555692841827 3.9148382521831016 9.915103627371225
2.7190092935149583 3.6158706017169258 8.124132109068148
6.335641294010723 6.234423030882668 3.94858887798217
2.0654478250047825 5.086668804442872 7.374909454688967
4.770637335797206 4.476886872187553 6.273597519332303
1.8891760053512827 9.34415175093278 5.132761575301693
5.5343182532644795 7.655596915843526 4.893800188252947
4.179055336796387 4.568017230055831 8.300795127009147
2.245637366673554 3.595194062418021 9.043343527910471
5.526389180346343 7.131121970216638 5.765551112416566
3.718366721426979 2.0068930104191964 9.004412719818887
4.562498020392471 3.1942319031450137 8.3127504696702
5.726077251971801 5.593189580961187 5.5194343813894475
5.761133577959846 6.959342100973401 2.0076911084100115
6.0993467573706 6.845955383567424 5.640866545821925
2.559484281895924 6.85152938010015 7.77735239890704
1.5301140922296717 4.538149278081725 9.394303305553336
3.675261946491223 6.923278424331858 5.286689239008287
1.8178184645811402 3.655954677302481 9.490572930394373
2.834034131937392 5.511165501861972 7.530756306285952
3.0929901962042448 4.390139978214405 7.387223538436961
2.751489146431877 4.599874213495234 7.404594340843854
1.179248292305052 3.763986354129089 8.454736776835524
3.9210595646659865 3.436770218218721 8.741837613393702
1.377495499693447 3.4052787278853334 10.001197298065312
1.6629648278282618 9.03283612369166 2.1486832417052115
5.166750679594416 5.656611062059283 7.856078945663793
4.972636881610167 2.9115327343188233 7.517116590796877
1.783819767564362 3.2832479787416067 9.480728874600477
5.890326243949595 6.565918480688699 1.8627599432372326
3.775064818591977 2.8359015179948 9.099949589569459
5.971743982362589 2.6318381413021585 6.943366327852583
5.354658475694414 8.887236544858924 2.4857692633770276
5.019322017240456 3.9035623501648 6.394077844811763
1.6918329359719089 4.655896500613887 8.486877385040998
6.36134706232149 3.507054743354031 6.168900490229811
5.403972933522331 4.8748267223079385 7.027118817154413
6.79695589271589 4.316231689632562 5.7860919291526525
8.946583861893318 3.911149591398757 4.137921232379943
5.022926545450891 4.015383559012127 7.20203165664001
4.918429795562965 4.824117297525778 7.216965247452209
6.928798920236733 4.0352583002927975 4.9556256165880725
7.806869030863019 3.6308460503655584 5.81093464467677
1.7631138026021942 4.184171393396106 9.8251593746194
8.073732086373802 3.429559218955821 2.3464626801642297
2.724077678250407 5.417614146332934 7.54647735425578
5.63940934264877 7.111160902989901 6.156210399943015
3.3675539376984993 7.662828310165693 6.34493230387712
6.448379984582145 7.968480219228762 2.2869107804148214
2.4941501517500395 5.268602868304933 8.583862911850197
3.4685651407969074 3.417112747549324 9.250759646508365
6.360757255926342 5.336377123251232 5.138746007939153
2.6487995292513324 4.68782121217733 8.385484734214192
5.7072995163633315 5.226578199293119 5.880954218865771
6.493880321579834 5.664538186653087 3.8845071776764803
7.383626208931906 3.9881295418481666 5.529444620526321
8.655006326188325 3.583073295224167 4.453797068534725
7.728290422979826 4.441085961527103 3.767150650521965
3.709193789068196 3.9499309113037313 8.335732100956347
5.263593605387644 2.0746834282956073 9.031364105047151
2.458535005850269 3.40643233003338 9.110345992337955
7.5023293069785515 4.112021501117308 2.8494884694403435
8.366276277316162 3.9930037132958005 5.077353295047179
7.840095590974607 3.7160089869352273 6.245270422885631
4.466133114126835 9.187593801191754 2.3620104936412156
3.7763570986963964 9.192556339344367 3.6294187121980195
4.403985308755152 5.0954107065558585 8.581137612947684
2.61172961598499 2.9959046986107114 10.225006372513743
3.3472111510747102 7.533358439373053 5.583174141374011
4.223906725596045 7.875668918874877 6.333583842246654
8.720915398933416 4.340612895123145 1.9246108913610276
8.450435458668817 3.5253798178321483 3.7092761290725913
2.6247099188076857 4.358788666949999 8.431063730413731
4.354335255215598 2.706078910803873 7.984060256764717
6.7322830974214884 8.260879294064354 2.2584035477375006
3.3425122843102866 8.907543756425076 2.1633642797541173
5.905855026681786 2.6734386179680523 7.7548608344200245
5.150559401932153 7.755413054860174 2.0455204162842757
1.0708527711454878 4.085605537232889 9.506501270561168
2.473726245623247 5.1228079864808 8.32991504082806
3.6416266928138583 1.699698750100868 8.366467227582461
8.574942748154317 3.1419997813874128 2.771255157573942
3.200074070719671 9.752908448614482 1.8558796544148215
6.483924601954322 7.110000131744662 5.1344158535835875
4.09972049729563 4.726775954206489 7.942573908207703
2.509363430831603 7.373752438110119 6.906376229484776
2.3040820434959817 5.499900877823231 8.812724266331351
3.7471914884170725 7.320741185638294 4.369230421171512
6.952979185312768 3.586610914159658 7.3040246095954915
6.494804638623551 5.049445875437692 5.473796138708049
1.3839429247017643 6.868701456581759 8.02872065702018
2.8175199805328424 6.046481167254521 6.193716297718063
3.3546238521280776 1.6182821762293187 9.298668950612276
5.184640218977181 1.992694750707743 8.120940094991001
7.595666519593575 4.2249478148252955 5.821444857394044
4.949000175875808 6.677694717640268 5.327493416627537
3.157559466945643 1.7542786313847185 8.487824527045904
7.920422950636505 4.96615635770854 2.6251293477971283
9.050090154420817 4.526127817453081 3.726685720719764
3.3778947501158014 1.538692267707917 9.192818863711521
1.9637255629197463 2.7041426442603176 8.934280134786107
6.3199904740309005 6.807992847102922 3.0991191038951262
6.6642904567369685 4.5128886396053165 5.128775171692057
5.573098194939226 7.658992259534899 2.1351672481546857
5.720131132588408 3.0614013622336276 6.581278239500983
5.512404058202571 8.779163536274885 2.0363651530426985
9.597313661739301 4.388788172023087 3.002283516793406
3.059771763778439 1.552295781798396 8.700950099421775
2.690287004312888 9.263184627782005 4.888658491861135
9.688272555298257 3.8026605559648545 2.401560742597005
4.005585286090529 7.883481249658459 2.099821872487534
3.2594664234147612 1.8774656417413174 8.458396971119495
4.7534261671279046 3.0737242459407175 7.789265614515318
1.4420395100670724 4.558417949118582 7.943390525107161
3.9394931463078025 1.8424922929719956 8.605504457646663
6.556622066515676 4.214805640207442 6.570964051796899
6.79402348273009 7.1822885530331275 2.6938667025472554
3.132378361860792 6.244619899667312 7.488744163856809
3.9891258958169753 7.814267662066918 5.511031493717342
7.244483157835762 4.117755440108714 6.9093324135222725
4.857220020972766 3.545316704272076 6.978519711503606
3.1526788227094444 8.42453173901091 4.905730714851082
5.143660645003915 3.98961224132319 8.37449290490655
3.296678823342215 3.017124328428187 9.275211721849248
1.6253482531968133 8.055543480878125 3.7083848203594725
6.476461429877976 5.230329012231118 4.273452134804045
8.870289691543357 4.095352300228746 5.018356743962533
5.570665077459624 2.441264989354367 7.4838579225658455
1.4637277456492244 5.429228363727374 9.140047189481397
1.921064658630029 8.051873104857018 5.709991088790025
2.0674860273443305 4.022224346944002 9.16737423832592
4.446309621796012 8.120288227339184 2.8343352825875683
3.020705702885107 1.687711690739169 9.483256677455685
1.18011479444718 5.464472207315339 8.56603542458288
4.5246958884696395 3.6897833364208505 6.966394954945159
4.276038022324036 6.803831400455563 4.304320364340142
8.311216607200663 3.1152828650578144 2.453103202217857
1.348362522465955 7.457950921212131 5.244037610262948
4.545466829653412 8.16310803670604 1.8075773466084377
7.7532363392241 3.0935615509907746 5.978481559023319
5.3193542254515425 9.061765375763152 2.6569774827802015
5.267896838667669 6.92656467269043 2.659323755326978
4.730747440905425 9.387356113818909 3.194813561371398
3.0258698255965975 6.122533352517344 6.819642464561598
5.214945084489323 2.507411411840722 7.37828258642858
4.982914708385575 2.973295618882222 8.851927809061353
6.490459439847018 5.563427099399077 6.548317540830077
2.47269670895643 6.8121183083820505 6.0174026512055585
5.555641985064955 7.1381386828289175 3.0470213518416265
3.11181493255421 8.091284467181111 3.4953696109781687
7.263446703837432 3.297254041996493 5.404219718480665
4.262112758257867 7.010395519356485 7.1914339065730735
6.172133288707734 6.399162248604618 4.892272373502574
0.838344663131097 4.4390622009774505 8.845090119770544
7.9109753795797495 4.497990331350753 4.103749711175136
3.2359859157711273 9.552226812301868 2.51899281816116
3.5594925075759574 1.8145681052945393 8.489658717061689
1.8492241203973419 4.960493504004171 8.050617023519072
3.2274057913326035 1.8265801915179316 9.715757183353066
3.386912223741129 6.95531433195483 7.744165336253459
2.279558839569761 7.759167593805129 5.082255712381474
5.566351623130793 7.397733990935249 2.9591034925169075
4.856059222280568 7.049415381534046 5.364344909906367
4.89676317914327 3.283985590024899 8.250034877077729
3.775807262308203 7.327140467111096 4.102540198842004
1.97014112770642 9.754623178454029 4.598438996567205
3.9414233471033184 8.559829209293763 4.257209030906725
0.9294634805492346 5.028971546085938 9.389472509544106
1.1064001983100584 3.71090367412814 8.178517699111662
4.266397021089632 7.669133210735257 3.238483123152582
1.8463080773276033 6.341145820388322 8.090351918400248
5.352241711545939 5.088712391294799 5.19970089456538
4.067895796139211 6.310923042795116 5.066972879385278
3.7107611916793397 8.050168216645401 4.342975883207254
1.7656903114532492 3.006534410837884 8.97033675489228
3.772071978104108 2.9008513321105207 8.095053346201682
5.55231643572269 6.486916033765481 4.233857308590528
7.480806509655459 4.847876168434347 2.3276973004484267
2.7953429438044983 8.410302250130218 4.188250234176431
5.0654576199494405 6.824869772799193 5.306701330289141
2.1384723843206754 7.613732018421771 5.055338142257458
1.4546452050587768 8.068719166561994 4.627550792447854
6.566425969295558 3.789546593579921 6.485839098478835
4.086072217222396 5.307335152863181 6.213186614480601
1.6201048516909868 3.9938295204978256 9.745447631200932
0.897076351306305 4.263086316265769 9.877217084650221
3.269267281127215 8.08732644371794 4.370972757024184
8.22654343265759 4.212194653491784 1.6574754318623894
1.5825535749216786 5.009597334394266 7.4601844122086085
3.8167439507618868 8.58212809705127 4.913981475075047
8.506039525855158 4.18932262541086 1.9174595540759878
7.1873665277269705 6.173692716407849 3.9521738936897535
3.1948681981294538 7.176671877787566 4.832457836102913
2.445088806622849 3.638123436121901 8.320974503552339
2.337710764892975 2.5317598150577254 8.762721357782532
8.1109270100762 6.6706052811656615 2.775064018604145
4.35707792657856 7.438020330171278 2.9129043804643735
3.894789265807175 9.28249046453323 3.146810542265392
9.192571264107997 4.870189505616386 1.9610796910110626
3.723034774472926 1.5498529500985834 9.740865090623146
7.455192838614987 4.228761179285951 5.009449808823649
4.665884590127918 6.750218043590032 6.893989453828569
8.327069187904865 4.239340809261064 5.702247873725797
2.1323775749040883 3.0709882377155733 9.741784938125958
5.483672725366253 8.41534066570934 3.4726053372022663
2.0309267766938417 8.707649702972793 3.2096350709039667
3.801104349760225 4.721915022807735 8.078098918870806
2.8721530064797087 7.263250176830858 5.70344822031956
7.965562146715837 3.8843629687625407 5.6142406544709305
0.9833260506118546 3.0109464435827977 8.511493793489745
3.451611974822463 2.3363032778088395 9.428023048448331
2.1834737259257757 5.479102556267035 9.216757072483228
4.761209021022382 5.962440204965621 5.105670496663604
2.3586886609917035 9.371163053461094 4.1292940375918725
5.862308431278814 2.2196647575255946 8.85404808239033
9.674315225884431 4.016027737095866 3.1315235523820197
6.623315793850656 2.765532812710241 8.285820074803636
3.8801076602546396 8.78825250129963 2.474795097681896
5.162998916456711 4.405697330923474 6.800636041773784
7.04565799356869 3.4563374938740004 7.177428730104506
4.627023284722809 6.377991900330798 4.888421054071766
8.495734927640294 3.5355552072004626 5.80810050784332
1.2994737045904459 4.42829852158366 7.9058660499201725
4.470419553016388 5.444959330708573 7.987685721271406
6.831304403196557 6.487191085084914 4.364541860579789
2.234664669782081 4.572430281405221 8.135945734576856
6.1960587740255 6.535141671948785 4.058913678381573
7.673591605962609 6.023394134639028 4.885137786677386
7.23145754131998 2.6618996653671365 5.050056146534408
6.786672793635669 5.176955151193926 5.613225703158119
4.764223147100361 8.92720846139391 3.8408461316316074
1.152295028594632 5.95718311812206 7.400251455134172
4.403890270255705 7.39721082454798 6.0107845017366355
8.022673176971104 5.19348378222185 2.8523299385544143
3.7890169447429343 4.610731691491688 8.572116681887126
4.197891941320432 4.020593582596923 7.535378013695349
5.4818948534901 8.324778227884376 2.757485065539165
8.251468187301969 5.102828889922762 2.638717468704267
1.571025916893263 4.554325991227783 7.7804796384927775
6.708482821953382 7.024674365244941 2.619929379508018
5.243112154519495 8.320368653159207 2.221533333153727
5.90286415902521 4.120026373506407 6.9592185913572875
7.836297239897321 3.8295874326029935 3.743896970463287
6.998866746529215 3.636902767520638 5.644140038491502
4.045752901939454 8.831688962609116 4.493488424891846
5.057234332741522 3.2106445584829624 7.80604816026476
2.3610865387250333 2.818253195181859 9.499542699018628
4.767232642688139 3.8068844615597106 7.599256748698665
2.0379034261422158 6.631671565777583 7.660000260396601
6.958057759310076 6.663848612045564 2.2170073927836467
3.902363250968556 5.438411995849859 6.2781633690252105
2.341255412536474 8.289347223075703 4.486216096691247
4.917638974583941 6.027521300978525 4.929927106711068
7.619565333999042 3.429089883822342 6.6596291729176205
3.057542479991287 4.2232155067101536 8.829207217885942
4.468384227443604 7.786808355338401 5.528697715033209
4.556543005746216 5.2366514444685865 6.615126318519202
3.119079800579392 8.102760921228617 5.851140098507327
1.5473413825317512 6.08437067757121 7.560525064213484
5.838335564417547 8.131506452320195 2.495539354540759
7.009574924601695 4.393269835076482 3.625692730700936
2.484729014787364 4.726120638549094 8.78216905620135
1.6461809572905364 8.971548417935384 2.5659871816953106
8.4925498935256 3.4525731567047644 5.513307354905239
1.4409933805593877 6.646974332931948 7.468830913381348
1.3201743308990033 5.29106901258571 9.312969936550624
1.8055672541360024 5.28660359144137 8.028714922581905
5.761475137715815 5.448920563624303 4.893777383108298
6.1763611018100475 2.352252543865132 8.409002570398677
3.761134722993323 5.307296792311868 7.526806970393916
4.131459803981333 9.138513077501274 3.855755023426455
4.560656717798074 8.399103141263627 3.896711026159292
3.73880671353284 8.58422306909134 4.7762402743359615
7.825140594035169 5.589521350012075 3.547800215239939
2.980401675112474 6.636409024285601 6.9754354815471
2.40861941817096 4.66796743496529 9.442674600777943
7.3353093015851085 4.2214056558834905 3.278610171068307
5.203982093800327 7.171345387708997 4.3608448063404355
2.2543462125776506 8.869715815375084 3.855501228362836
2.111573050032839 7.214914388976965 7.391844520652483
7.131510945048974 5.66569543191071 4.533220981024221
3.1117308317223635 3.4170484120743323 8.8538302600373
4.686117553333931 6.742955792491948 3.8934733051581882
2.316802177718107 4.782184441952091 9.599294930034683
3.8205964602719233 4.106664773354914 9.173460336469484
5.970630512630319 4.0939256598837135 7.904780758879824
1.5867913755391312 5.883787422269407 7.266590909664471
4.204128037813925 7.44489862327292 3.1111752596855013
3.4493106893889385 8.160940799750223 3.9136481820617615
4.407108626245784 9.112099976982417 2.5249470331915047
5.1409626905427634 5.336255163245946 5.620763558317882
8.117147544428125 6.743949245685286 2.263855052922765
3.270835267308103 2.822072756001425 8.769562896670301
8.704028108967027 4.9956041834419045 2.8132711889488693
2.38812501658356 7.760244887197551 6.149520317629053
5.522448170595895 4.6485882948115975 6.091937754138188
5.1538301972351075 3.132503735926992 6.8539019307507925
5.119608356268978 8.288253271606063 2.4243439058057286
2.3224330986677724 4.818367392452335 8.247027104728755
2.2897767283747563 5.758176419808866 7.504353654521443
4.40958132013097 2.0853658519013063 8.17750156002988
3.803416344621051 8.559948286816391 4.403755276488543
6.457814365918167 5.848658787572115 4.430038831465316
2.8837233944632454 8.635204435635645 4.01840216559852
4.687239312975944 5.841887941392366 7.437252442675818
4.789682093004991 3.3489514737542683 9.068220679898202
3.5883371398962383 1.6373684439113576 9.737756729736928
5.672542964223198 6.7619645367051895 3.666864017823126
4.519464812480874 5.423724771507427 7.935161088635544
1.1057318688062852 6.25558974335028 7.476480322081797
1.3484892783111848 5.482783965124964 8.111401577523086
3.062770823997795 1.5470880319270959 8.510878008775347
7.074263762670778 5.0911541449094795 4.1787691163001774
3.3681973396709193 2.317459925496677 9.716543876908434
4.223581481304063 7.5847071323044855 5.413400972816087
4.165503945942952 8.784887561987706 3.7256644833314616
5.937497509200344 6.1153374721667415 3.2686418195683835
2.883402276525519 2.807323864861806 9.305240561872916
3.9116887339998874 7.764870594081704 6.438271410711136
2.637477242279919 4.708550432561043 8.561052349184983
8.060436645789512 6.5152570900253215 2.715214075324163
2.8153784043932917 1.9638409327122839 8.397026401707388
6.919633226685083 7.077279574607738 2.2137516735436464
8.017580464999252 4.048403256252827 4.6635249448383735
4.949871247190222 3.0453504699978535 9.135452292678563
5.335429877775444 8.260498539999661 1.8614856487620157
4.028192697305026 2.414643511143575 9.511671350497323
8.627850879266605 4.486911962770419 4.668087311662588
8.296923039359982 3.122897642320385 4.928017113884044
5.493343038100432 5.051330786992275 5.3142786599493474
6.289977214247375 3.0597627305348376 8.00669400352007
1.7417500182743515 9.369652491414092 2.643550996971375
2.4084088876500647 3.037237982615856 8.648000196305778
2.2947717480970797 2.658881619223132 9.622496351005475
2.7272169575980585 6.197967220760509 6.69688592276653
2.1523003915726724 3.0076301621525126 9.345862332285492
3.5968956756824966 7.029309187631562 6.8583068852738664
5.119572491058254 4.582357675536986 6.274828284982942
6.0774640437225065 5.885636350306905 3.97989239516565
3.845987996585285 7.340564143077264 4.6052794781983915
2.7242983913876606 1.7555122928696236 8.601728613325538
4.078502839383465 5.82953902537306 6.56734088312932
2.509671501088721 2.769473822534151 10.005433589937848
4.415002175805709 5.726781288580797 5.822825391252133
8.432036290952476 5.722810264253048 3.076460952028633
1.4534258207499673 3.894207281675521 10.141837327505927
5.417639712382687 6.7724975120298065 6.2518656763212945
3.8522523013116197 8.67671500958238 2.296078826798712
0.6212610959705168 3.22152515323475 8.393310489634159
4.978856868708428 7.160043842007164 2.442532419592044
7.340444209761882 3.0448694053965784 6.980148179282136
5.031856725693169 6.787365121417751 5.233539090382982
4.399142407865603 8.311696981252194 3.138196516403938
3.791198442231893 5.819530662831151 8.519586509197852
3.213296845728647 5.919751887066942 6.99369012940993
6.759086394231262 6.043896266862331 5.666817172342061
3.369592495280952 7.865090557196492 5.140575608930731
6.31168742554293 3.6058996116792996 5.703975708064629
3.056070404632169 7.777517687845346 4.529559727641019
2.9331805307566423 5.807036628285513 7.897847649977377
7.665210573579669 3.3172259161671387 3.380963533475645
2.6805864018835757 7.765623187889621 3.703699907976509
7.567543369833335 4.462417755430744 2.560654447987584
7.398400169973101 4.63734851817396 6.058676726319603
2.188974012489529 6.396743370638808 6.764721310331396
2.9432687083312334 7.443820739323917 4.840768256013659
7.701188283389402 3.129867771965125 4.7068265414996695
5.1466781193027495 6.253500454359397 6.151555521696217
4.725743067896808 6.403539971655747 7.312392501253204
3.787284045904758 6.937892779769266 4.918874770492293
2.1906142137830718 9.844346494374546 2.8143745411246623
3.824260258406558 7.013756120320807 4.880682185760115
4.398382492080137 8.0072220635242 2.6719205697097044
7.009036387741906 4.431320399211491 5.079496833336964
7.239690603883918 6.9166881202005825 3.6936495607174704
1.2222378236936862 6.9275131614597045 6.849077144662317
3.013409043886242 9.601374643666608 2.445556443847092
5.239611131394292 3.6493762839241106 8.755905806837024
5.625864286430551 7.016414652008284 5.688748605606483
6.102242334972947 3.897829487385575 7.015845552105774
5.159136306957079 3.614602965983292 8.038481660035863
4.418411062213083 7.831656021718189 1.8464094778841769
3.4188074141304305 6.610655873929974 6.291965505587904
3.009933077004241 9.689352985157479 2.270728414993578
2.455845335905483 4.587249627319316 8.564179453174964
5.436347716024305 5.321488251269245 7.781760848652659
2.013641138670024 5.405321791183056 7.58458962664694
1.5774614033335894 5.479223761613527 7.375558781661573
1.430298894598271 3.6799603462925243 9.900528186908506
1.662938134106903 8.132225327747019 6.5671553492014185
3.678252842373116 4.04774152635139 7.23696688955099
1.139427341247954 5.7949191519863295 7.298773164376839
5.842098382040866 3.1185553412205116 7.993597746189699
3.2578447897709943 1.959288525928981 8.40478535771187
7.248514722971909 5.2899398768375 4.154849357771832
2.8148460606159023 5.831331675028486 8.435995519185965
5.9919720714782425 3.9623302552686512 5.474683271344895
5.027311037466932 7.245979765306321 5.405304041250961
8.02248400646831 3.3692310046810756 5.189101178443926
3.913058385750899 6.315466029737113 5.3334897215229455
1.712343195923511 9.456351241101123 3.900375961130865
1.8343279291693637 9.126685552679998 5.218987686822738
5.803605309115745 6.066386115593856 5.397950064108337
1.3468038375964642 6.186655136649759 7.8672412991115825
1.7621021246038886 4.669898594060608 8.369335712464494
6.15477690622549 4.164122469396834 5.874744647253481
2.9186019933587892 4.5764829247623435 7.840941443933498
4.701214972411196 6.419804565829763 7.572834646715932
3.4837979267965213 7.131906532962984 6.956562087550696
5.409475460423336 6.715255313803496 4.11472698372898
5.823770316469038 3.654729911720071 6.937600025982803
2.1892498585304243 8.548577636702857 4.054130830378292
5.738802071745886 6.084501936928795 5.883744655729398
8.126601719710626 6.31688569749472 2.279817118546577
1.2882364423940085 3.737895597854255 8.353039019152252
5.1256101753107535 6.043077517541559 4.657310945165719
8.198061465915968 5.927725060962011 4.1147808090631965
4.065605335694121 7.227928999158316 6.58797537516575
4.698709064552391 4.017534053198162 8.787192195320374
1.7041262715431436 2.9772027547167 8.807492558727555
3.8041947799627764 8.684399604369553 2.2330447407303278
1.8006845813312478 3.655704337232677 8.784248497873511
3.9960381428473117 2.1197499303305496 9.236095898988617
3.9152406206786146 5.246279789754394 7.823171017493914
2.2677810223000407 5.384816928953269 7.286482035956389
4.5774749745099665 8.099074550118496 4.98870138151496
2.1479199249081398 7.710538278017262 5.817838097939604
7.631918288320729 4.350815340918053 2.128056340160964
3.3428031832613017 3.642942566476938 8.726819316103002
3.860259004776751 6.947303545797567 4.667476680136689
7.202323915294629 6.648700955159838 1.7830294999686247
2.5448821459242925 7.935283688413706 3.698561447949226
5.356294504404897 4.124226499880917 6.330292492356411
6.067650186750581 3.8893044924698184 5.577833569921772
4.4887224787042195 7.648504395066799 4.877155095226611
4.585931804548267 7.8630626125790055 5.927860243312046
0.6322916105300188 3.5672521164023476 8.925479632845672
4.431157451822521 5.812559679974857 7.004125144614987
5.555521777636063 2.9931980589396763 7.302527004381181
6.674519377665885 4.428606494793707 5.488142127952399
3.7425992361160683 1.601116810194567 8.131469423438885
6.453021395007475 5.151395286607214 5.959882066035825
6.338984837750398 4.534680801216788 4.754804365724542
3.2714817955748043 7.652119739544331 4.362714677227479
4.34873486790029 6.1365021388008385 6.1798279489745225
4.483848195030722 7.13465385722266 3.9969921097543937
2.6638105842257866 3.007391635858265 10.233143864672243
8.183000064522387 2.990745707576655 4.654864227175351
6.65667616956126 5.4449824025054685 4.304391876106322
3.991882397431505 8.273541775724981 4.3279931372175815
7.813631960565558 5.1075313894809655 2.505565886802981
7.805343205324351 5.695934446193643 1.7622683565540382
3.3264937513672286 1.6485001643487462 9.933525682467616
6.702933181193802 5.216000366982385 2.9982612186823183
5.671020092199612 7.894829404813304 3.9839839327032966
2.6297894243616677 9.258275975618037 3.703878607278232
5.350962702745829 3.8943513917773918 7.293745402548619
5.320593809545767 6.733748524530506 4.516609171288822
6.783496875815455 6.095861071871545 2.391325655232694
1.1765775306689348 6.3718920514363155 8.439877067375564
6.713452029173071 3.846945124183995 6.042232951523433
2.6639922534182174 3.867167583396389 9.51899989502333
7.96577021767974 5.225399325280647 3.8097348954967623
2.749910128083339 8.021044812768226 6.801008567824806
3.3568408573006376 1.914059548454826 10.125454911459379
4.36132180986611 2.3432600485945185 8.024881729927028
3.3744731910821413 2.148325990776829 9.47216189858843
7.748125705586033 4.310454825552889 2.680345235002008
4.738021552430105 9.39284803119107 2.88702419139814
7.5636530235669035 4.74560283944853 5.353925070484722
6.234084404434257 4.461209328728619 5.574639895713396
5.5848081576518345 2.639663921360055 6.603246910141809
8.25677033026501 4.876404402295813 3.9666916547404862
6.523374626202999 3.2346150151464945 7.550756443849721
3.5038550515479914 8.547524297023106 1.7013124950121727
8.324071709719199 5.713172953541079 3.7030887791436458
7.9268037691699895 4.190642827911594 3.530342549745549
4.1224573080266795 4.9725285511693365 7.719248903314545
8.533702774581462 3.4670470086948235 4.99993191401523
7.443269171543089 3.6203963149482328 6.893384378691639
5.655038245600913 7.621380916849423 5.056118628813018
2.5205659053554927 4.372884318776701 9.00261069175883
2.5289691851770963 6.548994188316638 8.022522567728975
3.951130560253521 2.3700959480333488 9.850852166790562
5.9374163278875 3.0470533378812985 6.34890843768749
3.2643738120463053 1.6973721634213244 8.614278669505406
6.107307452825982 5.351748983652982 5.757484795195993
4.556391903497094 3.502919997379276 8.574333960120331
8.58557642208275 3.4280593623909277 5.810404271537201
7.944443145891719 4.9832505947877115 5.227375462434938
5.152023643592438 4.622912070867752 8.515182853755304
1.1508103978298967 5.698941014196426 8.46757823342503
7.430195165086182 6.029602886564149 4.744924330333036
2.3633441652336433 3.9678021472400475 9.385829608193118
3.939755151857479 2.5989754297479846 9.428703663679618
6.484491646545796 2.403906526328148 6.786173131906853
1.569464548539028 8.700105648830009 4.8812174049970976
6.989790114109205 6.316657013752257 3.1438802866010707
5.051639208830748 3.6576384876229295 8.811528302337969
3.0903175211790317 5.79984128315439 6.9898195761201745
5.270594609489556 7.84370613926544 2.3805006016925634
5.77890403703203 4.271716482649438 6.843152391791624
4.5413037381046175 2.788738674072622 9.558574498395847
4.781473414821255 6.549219225491113 4.023374833799077
6.3357346124272675 7.894244983901396 2.457989535755858
5.8368022706917 4.0248055230481725 8.357467682637441
7.819672599013049 6.266417533092339 2.6177830069951695
1.9112996466136132 8.743053734560371 6.097292016008657
3.6237906201522545 1.9965626025915824 8.016656334718679
3.549385618214723 1.7881191154746474 8.219797476452667
2.227970832296881 7.68989996586822 6.352014230730228
1.2761802155598163 5.407310004657375 7.126792267625966
5.674776314317848 3.1664862267672818 6.280230896389574
6.144785065607257 4.1838400275622725 6.1864423026430275
7.294016276180133 6.811383187997762 3.4913053802874754
7.541456647023435 6.826916230395058 3.9433015088688306
1.3250869257410895 6.552286957497928 7.579160073764571
5.942621233387648 7.681216950944432 3.4406510982792944
5.216778937746026 2.882834331207982 7.58402413428947
1.6640291191684704 8.475090856777735 2.5480642189721308
6.00692673706516 7.483739261909478 4.480671909476506
3.2598205013577477 6.765391517970191 6.865520900897305
3.169584470953505 3.4463404123679933 9.199384457248641
2.5509245264524036 8.995291952989328 1.845306967741306
1.889083739287264 9.335731770687174 2.0612392413215153
7.101986988142118 4.1712557055210935 6.280878706458789
6.683056442591218 7.7211652098037105 1.9730749077686964
2.1349481304669076 8.486565366201969 6.5187614895878925
7.064398957866259 5.393941187940374 6.115676640061685
4.285393271201459 8.54351438866515 3.5337580804038486
7.821726187882062 4.071205647586607 5.115780929025619
5.047151776754317 8.282483855226483 3.705359166345288
1.7873264737684025 4.757910478846629 9.202673599863123
4.556831491389684 7.116772064627138 4.513337455046395
3.0737329757766383 4.3972297548410815 8.080070276797155
3.1610021113697613 5.4818997010526935 6.927301767870538
2.782098358861041 5.378265952959527 8.562405040154657
4.242994049787457 3.599607712646149 9.181103942066327
5.1081373725608765 6.170789841392347 7.0261855123025505
3.734194250675703 6.219947809709722 7.527184748195087
5.757719873993185 3.640340835728447 6.382773997584917
8.025553289962994 6.114175432897863 3.5696686205204933
2.262066491055641 6.4483785645912315 6.115745288748556
3.34063067051842 1.866213748257662 9.581698441141986
2.711287758357762 5.500447919017351 7.55329853114458
5.060333504617036 7.687304720108833 3.5980346663369374
2.382988393573151 7.416271740311924 5.088184493205906
1.2583249392276326 4.500722889202308 7.773658302021488
1.3402072497971131 4.9827802052209735 8.287136034244657
5.83239991327507 7.120199698782585 4.727899295366569
3.6771776200631447 3.8222497096785713 7.40602003407614
8.5552272995131 5.3905652112996965 3.0476029889773657
4.208647457190514 1.8434962050388128 8.080378427066979
0.8930905612610901 4.43669290899026 8.852304888944662
4.59980399789328 4.843210341669544 7.924186252056309
2.687393708522184 7.050312397058748 7.078191850277397
2.7897994083431303 6.048582004987427 6.214549584721977
5.295558769752033 6.27757838021323 5.108072959485027
4.373590670416006 6.503847403616358 4.613052830723536
8.469431536860347 4.295014442203332 2.8766309119120783
5.540365010089278 6.95330318566724 4.997983500298275
1.8886629770486532 7.774375533486149 6.455979401522095
1.9365245536970064 9.053103110709142 2.00234883454591
3.867763008472696 7.592852499584561 3.5885983499597103
2.849471680027809 8.077451313517876 3.500092477374256
5.466135788655871 2.6541911307086505 8.19811789641496
3.4220855442007916 5.560649372978839 7.675395111371535
9.04709779297762 3.596309468485214 5.094223425014822
5.85105620252203 2.4588051356934173 8.039958105397465
4.889122721067466 4.991175596269895 7.6167257923240435
5.2431828577985105 5.039985099760194 5.8187477706164525
3.2159045474255024 5.566074340861004 7.756707020349327
3.9655295084431046 5.171710419303822 8.518719679205256
2.5292915527623747 4.838628166123971 9.212947316661849
3.0242954190991798 7.773269917030776 5.442004592812856
5.252723967638157 3.4251338480548883 7.309250877721994
8.589334636672232 5.532643691168623 3.3151115854140274
4.063031989420021 3.9024279457007394 7.8918988229916724
1.7227499069400107 4.094075062232987 10.061398179848267
1.3896277647318305 5.496390733239291 8.685420156069315
5.357266887240437 5.472286106745954 5.096265243411549
6.4847105692002485 3.716137353661107 6.969357153382975
6.125861680723735 6.946264026270255 2.1274275395482083
7.020310468407398 3.6321598127601966 6.427729735520934
4.124899626963438 8.944307314553454 2.592911260355631
1.5995557614735108 5.935725931873574 8.996809667405122
2.4535786224992235 6.694589165079305 6.737119728311661
2.4934175017874685 7.457649617227792 4.902694953183373
3.6904325413311496 2.3841388557654453 9.054026207240318
6.677828425576309 6.816141018552422 2.1093887966662606
4.364644837305189 7.224926612997883 3.14465672319353
7.478704673985601 4.44009864666521 3.530228090449552
0.8008191869546452 3.413493780871153 8.65843559709359
2.232098282461725 3.0142400059320327 9.469845842207382
7.361996164526973 6.795992733156222 3.1207646088038787
5.018978021162892 3.4342316707283445 7.167273339429241
2.149743075328888 7.065616843942162 6.218138628712422
3.2474273661197812 2.029413159606934 10.133909629492344
4.681094838869903 1.9686431002473856 9.691697635948609
3.802939300380421 2.67226769391316 9.326278492808454
5.725921489035905 6.627255842005313 2.551960538556706
4.662497969426785 8.589612804567667 4.805857240985256
5.233456446565742 8.112093233572402 2.635614513562844
5.258168793399976 3.2315651493053243 7.579981921443806
4.1916092411353 6.928965654870286 4.325615051352881
2.2425214320605504 5.085161575611784 8.328614805544932
6.224009649350548 6.649604261907382 4.55564012275546
3.3081265993087206 8.553259302195782 4.925702842665731
7.706520486258288 4.480336633901268 2.4467772862450805
3.5716030979474023 9.658572347774063 2.1925745613447996
4.501235886780618 4.868139787195231 8.776258380953141
5.868631744840561 6.012708132707443 5.468933418219648
6.9306985446575915 5.6746995017893145 2.3514871395799113
1.6123662094061626 6.756608671498266 7.012817985688916
5.085575276882297 2.596881597748241 8.149267781828991
5.440247370039187 5.761305162973165 7.519247569057109
2.216035440249566 2.7230015677880255 8.395068736146417
4.772376777491266 6.666096221795286 4.509639945761104
6.1436531887299735 3.014356077706823 7.624011588253797
9.84658184153584 3.59629003785972 2.2090697495542444
3.4481547177088054 8.577316841829184 5.869056564420567
3.873612512712662 9.039682373588331 3.515759301062508
0.6974300336263819 3.9202582114620896 9.644737477447377
7.283541858483497 2.6566074848976626 4.986506276021007
4.189613213981139 4.049988359662996 8.4781353865828
2.257307170966452 3.5458513896630146 8.81177677734277
4.466646977533273 6.349024490199032 4.703876483039682
3.461668765484136 9.557040978265476 3.095860244198179
5.910982004768153 5.529716506550979 5.864318608247527
3.4363477158121842 4.79672720321951 7.2557433940050275
7.300963138000429 4.693370683215039 3.3662104678956406
6.837685743142956 7.583256223554578 2.509330503524141
2.981155568686304 2.3599786220315737 8.246158543812736
2.7699860123249813 3.9105965167105934 8.677542707325243
3.0672455868209916 1.8848482165696117 8.991506710235498
6.684064455963813 6.081570038513485 2.951262212178696
7.193101522063974 6.194945399810984 4.4661404470013855
1.630786156398675 3.000109955240617 8.430047422989539
1.8699605099106043 7.257346604026839 6.393088213396495
2.004132559094183 7.88489914938564 4.660664506194262
6.2287331373898 5.1896548560098195 6.381869432761494
1.861993356461906 6.017079628646315 8.01050577502587
2.9088219665558284 6.45840162313493 6.941922749550665
1.7928389884319793 5.97812847728971 6.989593253151239
8.381276349858279 4.811485915415179 2.5019116052052452
6.807127070211577 6.00247352093144 1.8852265065292007
3.9891408026658697 2.9074264556424376 8.74959232962831
1.9839135467487081 4.491334957326379 7.87338639771714
7.048724775820475 3.0822044585984125 6.605591255757455
4.321311300779695 4.02003283534341 7.406112869730452
3.1549214419387104 1.464714447787087 9.066750096531928
5.953169166094168 6.1744601774601335 5.731988640779919
3.0932031453890563 9.116780159479951 3.916639979293018
2.7027184566707163 5.991823474502493 7.195599871029302
2.4506572785919114 9.665839459319407 2.4337311925608867
6.643974988972682 7.973340901900725 3.020873653332912
6.3987019108741645 3.350989281632526 6.368573712376231
2.4497226580921567 6.7371096529103 6.763881474140878
7.74945810401094 3.6659124295924634 3.6069318594387743
6.2982964708657345 6.801894061846003 4.731970665747397
2.9423194784372075 4.674229932248404 7.760771254743348
2.83037581577271 8.15527161403258 3.126128332058665
5.040831405944469 7.849327250296205 5.488607783127001
3.682586131893814 7.699732724151388 5.7775286847170495
3.618749996955601 6.623103943238234 5.283437658369134
6.813125334648789 4.162368440698406 4.313049165407175
8.080448788494413 5.302577611202683 4.754858424375669
6.739136973856348 4.124603060238578 7.251134850954198
8.53476224202952 5.432136986599122 3.92878026780299
3.201804690279712 7.662436970600909 6.124882518213077
7.317202425078737 4.721527725221906 4.4957341887183375
8.489429110656532 3.161497639559151 2.250557857552695
3.3474998523278345 7.705861949262972 3.4969841452256367
5.21083334372611 3.3536334382214945 6.692654300133068
1.7086922530219126 3.5969364952343788 8.333075622349392
5.703601744210529 6.0866567925621 5.580626627256135
1.2203722349331048 3.940636099264027 8.323127015557944
7.79312736782614 6.045989312186514 4.770193477260466
8.15039721945676 5.0029204627798824 2.757171633270455
4.81600580646853 4.280677009403564 6.644764558504232
5.988637708107865 7.230671315346925 3.646616095636663
6.281016298389084 6.483243541743857 2.0976771338091065
2.7202299985610168 8.156422757813456 3.3128605685629116
4.310504115593419 8.364199135110246 5.547943481459841
8.649812683978318 3.580267446372355 1.922329723356459
2.2009284495294947 8.669478979677452 3.214771242135175
5.858940778578754 5.968724530083422 3.7035346968069986
1.260334144257672 6.009155995436786 7.6545319498945545
8.921257212694107 5.880637856836407 2.4447852630124007
7.123273451394687 5.296818774686736 4.041272082321589
1.5190487470177079 8.408640725013713 3.536087925432514
5.223349824380352 2.937006213441554 6.782555591007443
6.305315569996348 6.8013593953558065 2.8344466284571737
5.324205955562934 8.482491834930068 3.9566736642509133
5.540916359571338 7.2178625317842675 5.76151314309581
1.641316121821748 8.65989902550627 3.3098693929380323
6.965825093735645 3.2966816546055595 6.786112722488807
4.267055797540992 2.277213852637395 8.70527747471665
8.235702328829525 3.9170027906397324 4.1399648463393826
3.661811827738517 5.675565563166639 8.355194652213793
4.290445646164482 3.435165384123162 8.052029387170819
2.469939194002991 8.620287266201847 3.3982971955693566
1.543758661139045 8.337430881255287 4.898976586471698
3.7534241807356 4.193969655496972 8.979234925647345
3.704341570742721 6.0296356582746995 7.625859249359084
5.916078844191416 3.363397846337967 7.311156908158125
5.089050385964648 7.725143498770031 2.8192327128875436
5.576359896014417 6.377847950964748 4.821730685304212
4.186848595916593 9.055432172648816 2.5522715962539495
2.5970643120384334 8.212379156279388 5.239881005946803
3.37228031989075 3.3186685463184875 9.103207549702969
4.820765580346577 2.207942685337662 9.11099276158678
3.3495991458164864 5.334538184002912 7.508428059000467
2.5817978797940717 4.749229421904276 8.607119347658191
6.294816702400888 7.3100307719955655 4.30500137088801
1.8217593650232489 5.2470691765116255 9.267841784275214
1.0354870317831386 5.359933477877448 7.470099648469463
5.397503108628896 4.084843971231149 6.393313442242664
4.7698377255124305 2.429387561138149 8.27966855161707
7.374491162722201 5.3019711933115365 2.3439654423053415
7.976963903640427 4.745750210576616 2.632200196450923
2.4904373748529296 4.8246463369756265 8.83180329484106
5.384782150367481 3.1079552103045467 7.955376496348501
1.578969872737391 3.360963879685066 8.880949374484148
6.554043248254522 7.231465592654886 3.5562716056492056
6.51987643713526 6.385249101513511 3.5641774112242626
2.138701522017485 6.584835880945274 8.530592558958848
1.0154613486515185 4.863445049267768 8.437868886874732
4.793671231038577 8.203291075641419 2.7801616589643627
2.613679221883319 6.987675816285819 5.887862219358243
2.9383618408466545 3.3082293681650454 8.011492970328915
1.5134570516417505 3.534935742812288 8.70503974664459
7.596693162932354 3.9234708145882395 3.156545227967564
3.432451306143916 4.290434125584779 7.955018513445079
4.041125242866711 4.224345150353486 7.6088850308900176
4.413644620253833 4.172911397325538 6.9688149533671915
8.347758617150738 4.305376752092682 1.9107874701023633
2.116142532812303 3.260156470313744 9.293432735575363
8.230427051530366 4.48412763404349 2.1091263531081594
1.4476841008454242 4.085956738582865 9.158010272669424
3.294739050389901 3.1881634811642185 8.420653324564912
8.183376302233487 4.653125155916597 5.01857027835761
3.951132709051313 7.7773705952417265 5.43768982115446
1.8956638948328781 6.220306408073442 8.505614269155624
2.9635069223985417 8.12490168559931 6.519610690115874
3.1101471528654567 2.2468546317925413 9.931421286227529
4.9538431061267225 5.784995252639485 7.582632739249481
7.959273937383373 5.386683830797957 2.9926830843699146
6.570571536383506 4.395276566357152 5.193026789708969
4.457270323363929 6.403404033641346 4.995261342041887
3.0556642531777234 6.937784221540674 7.445071339193346
7.613509510976262 6.257669990974868 2.118749208522207
5.470664664835828 6.362637629180549 5.155855968513853
5.4296333075771805 8.425019925028005 3.5261057517530765
0.7273484100561666 3.943929101996393 9.949810647104123
2.4206981175817273 2.985186171210993 9.401921839313433
4.846883997990461 3.0310871317474843 8.726037401693777
8.465227388914036 5.355309249822747 3.3494425629802635
6.405419072186363 5.320618947117088 5.480568642529006
4.683582368543501 5.720714736730986 6.280575613736269
3.481771497347546 8.799603452241596 3.2014497897778917
6.300938307692149 3.1788083853054037 6.527462202672226
3.76638370985028 8.237432683387949 1.9674543318159725
6.803622786268951 6.711446781413948 4.657638578036246
2.548065667220326 4.948682266479142 7.385772085842132
5.104792690013779 3.456380116475394 6.657791107169858
4.351261245156333 7.384522845812121 4.972489107504679
7.366626375347845 6.208067294150433 1.9640044321935313
3.8317603084085494 3.2830715816744154 9.12818939282071
1.5484343485526653 5.599873021732952 8.671551935641514
7.198442795887077 6.648790194005343 3.9325692146320566
3.0042801888637056 5.491846826692603 7.4327967898465435
5.0543002159434005 2.3422969929231385 8.922617332188489
7.308806078403176 4.330196586763708 4.725584499805155
5.3821735425055595 8.468757798793796 3.7334599116043696
5.81402446149727 8.11166350977885 2.2604353652133833
5.087300597044816 6.589103575650508 4.019963935112874
4.10010566601284 5.01572990499588 7.028386974491777
8.377424103686913 4.7680974314556055 2.8813761475574844
8.442141559750498 3.177599098308455 3.5216201723016334
5.246941646457175 7.745931583274659 3.55087353098573
4.319399053219188 8.294494095536198 2.8681705411226135
4.105062831421428 6.308455052446369 5.810747248703496
8.575855717243288 5.779304181322589 3.3459899810697027
3.371259461630286 3.365272767765829 8.549125508415358
4.828720302800475 2.628079438284862 7.694858892400552
3.685290215975892 7.7970041134678985 2.692927222614713
4.541132925654854 8.167047589760752 1.8530343200736759
3.8697481643543865 6.079647692623283 5.633064642334479
0.6221052839409112 3.4336770179514944 8.400437070257658
6.66451059025171 2.9375479502728052 8.001982006269447
6.946969892719312 5.6622043602454895 2.238266639524949
6.357461670010795 6.52411075871727 5.490605413502661
2.032971654410041 8.93002315134656 2.6387960090527507
5.101332833960468 8.794809437697031 3.451657547176009
3.904167092983682 3.7562555237722064 7.270639653207811
4.656020819018281 2.126994036097628 8.155542591029779
5.8185664652159526 2.889306695858003 8.158656741477207
2.3087929240916276 8.57079282903503 3.2434328504513528
0.8767560039381086 3.177611268439722 8.71798005364675
3.9359028383426775 2.8245820013181793 9.170418688996813
5.685631011547893 7.709646545572534 2.7538495555950675
2.718003436134912 3.172074793027262 8.966103610084591
6.161722147547174 5.491886068478095 5.843791348343624
1.8017526353205282 6.142375352787748 8.587177129198345
8.506433220254333 5.155064604577593 2.6262885667286793
4.568934036242341 4.54604597874528 7.862054709638034
4.067514697831094 3.6778118875933865 7.587831022323476
3.302096731818034 3.20228044163403 9.797496302701123
6.553728835119133 6.738729924980433 2.5585430977307593
5.391776408893295 7.951610079405733 2.680269180380658
2.8720254053507857 2.2280987455380092 9.781945764005043
2.86476203844836 7.855428575860355 4.516301378704486
4.2585493426661465 6.831250293089186 6.990762844711265
3.4524549927668513 8.025774325821196 6.622148082896777
7.529703407074838 5.725549053406584 2.294634536659573
3.943249800881839 3.067965350310009 9.634171338903792
4.31359947078596 5.3438907282123775 5.923053213817051
7.046963603997879 4.130163093360786 4.601532877873632
7.3081810860945 5.970925884888087 5.406242674159668
0.7520335595554963 3.4125543449243954 9.260248288543877
7.1473582194707905 7.211960281463505 2.2699071502214743
4.4157132863271915 2.2917752262245323 8.500479499564326
6.894249190247525 6.149498192937698 4.966002537727183
1.3616695260803267 5.751478573834452 7.815175449556334
2.495830844231213 3.7651603442778407 8.531236366304043
3.219104412764448 3.095808951583341 9.018377096376733
1.9438564170063912 8.260046452718138 6.233632550808847
5.487800420865835 5.7325119339437345 4.274793650858302
2.7473742076977583 6.3272661689283805 5.860010877383377
2.033595788020688 9.225925762578342 3.311130425846435
3.601392412914119 3.9090167793719894 9.540971898078707
1.7265613330392326 5.6684705288380295 7.208334000021556
2.4667587567527165 2.7218613404899767 9.832759610564379
3.637662645467446 8.232130465337045 4.252447152157322
2.571498597559933 3.385809896609055 9.918197196294022
4.947604559298983 4.345205037968172 6.8241250539084195
3.3217702374329288 2.8680194515959334 8.768216565143568
8.119740622173142 3.802936173190432 2.7136606157449594
1.8409829600424463 5.43740196676253 7.042976057055379
4.720590127478355 3.433905645533317 8.615639020845668
3.7995634088433947 5.8841026604784 5.885556626615243
2.2842924677518535 8.341965691549225 3.231051921919781
2.6651558565430293 9.264074103305711 4.820462496703729
3.2923068780618676 6.5172040651324155 7.3535660206385485
4.004576452786744 6.792826670057926 5.543806929414211
6.175864557170185 2.5965023441808657 6.744775545671225
7.31067675666128 5.24598897176027 5.699147191810475
6.392807857187567 7.70895467520548 2.4067908772711464
6.844530315544915 5.7538945862403 6.343897708662553
2.8267300642858912 2.5603777388327917 9.938130411431455
4.778080234397227 8.252759311188269 4.34489657669797
3.072021383934058 9.878846316121674 3.055877334271454
3.135421042298289 4.221786313386618 8.94862501831275
5.664536665110347 7.8090920607455425 3.9648273986287164
4.155598113426134 4.568056185810331 9.075516312228965
1.819380890091246 8.022160915962564 3.7482453510391203
6.110320782852402 6.594575316838953 3.4786219643436174
7.130443005351537 4.674831498126415 4.38812242312164
3.7575980417120833 3.4180846865682217 8.684521226509604
6.099828276350268 6.882778885592281 3.3527295209557115
5.512173173335822 4.847827805103767 5.372773805000009
3.583019819526507 3.8250044471896416 8.845941598089944
3.3683792771611114 4.99560900292947 8.176127297393096
6.08813921493709 2.3940694137812977 7.734396301783393
4.589604767144064 3.423603070465631 9.149344661472206
9.245225362944367 3.41033516319979 2.74517222860145
3.576150762216531 8.695136078294484 4.174275919082389
3.1807416137986135 1.8424591071937289 8.561879909738245
4.8384244355387 6.085852931617832 5.821852824353179
7.613506661602934 4.258153651343625 5.518827168595255
8.404450431642505 3.99400343217998 4.393851496451226
4.759541988897207 3.148810532335834 8.987149527380138
2.436449789699827 8.92176780716175 5.949028497383644
5.598222681640127 2.34095984930804 8.147913008511985
5.422492061967454 6.512784334781832 5.645041061247263
7.7006464387778735 7.17852114164499 2.843595576464915
7.464099605470867 2.722729062028345 4.846745884568108
4.5366736035073565 4.779364418470158 8.073181111565821
3.740091469789672 2.6932355373755525 9.062101264133988
1.3797716498232055 6.8296042756882755 7.795100101441793
2.692720183914012 4.1114738146812755 9.27516903017193
3.811765277660435 4.999606130656029 6.993024349662052
2.2215894390711157 5.475648965902815 8.994967969710025
1.3018253076997095 4.484816604269453 8.438678167354002
3.0984462188675943 3.278382948237102 9.795751839259207
3.3501891048554375 9.421572488106152 3.9180293184881507
7.323121447994585 7.138063208164039 3.714244211723384
9.183253699264881 4.119957426033578 3.379803861042884
2.6037562210309915 4.219683134547489 8.256839052161835
7.700238791911747 4.2094543304635135 4.624526803804403
2.3773682091004296 7.118268636194863 6.065626051762409
6.7583152249270375 4.355830129020506 7.108568110774211
2.9796568958484433 3.0250947302698106 9.22925564731101
2.3166812490232824 3.6679342278228884 7.933156377845546
3.2481252506382927 8.098160995313478 6.252868808098535
3.625028219354479 6.621990553500283 5.334424387436412
2.896465404783013 8.655537257418073 5.924838796819581
1.2246051927778003 4.668099689175125 7.879339089604328
8.347397669419435 3.899496969474988 3.0890222502431306
6.698147007129034 7.472957591089648 2.7115509460350475
8.94224268944939 3.8939733286363234 1.7422542205750287
5.790968675875916 7.304271326834981 2.9561328449819593
1.8616303734131656 7.54663305835436 5.339101077447737
3.227671009885179 8.013444411506452 4.762778100645779
4.086279666841922 7.334879461600474 5.344456561609001
2.3502312088303694 8.041227149222756 5.202365061418965
5.124108513248428 2.6856064082720845 7.410272579724236
3.7660867182079523 4.498863521239473 7.50888412476596
1.5231085368909538 5.646598855380372 7.87854380258122
2.0994578329086218 10.082644904880958 3.127957877652153
4.0106232479491934 2.6487565864408356 8.6745436394082
