-9.8    6.45287791696574e-06
-9.7    8.22427180389481e-06
-9.6    1.0455883941767e-05
-9.5    1.32599947970664e-05
-9.4    1.67743330402353e-05
-9.3    2.1167349685636e-05
-9.2    2.66444665947925e-05
-9.1    3.34554523588204e-05
-9  4.1903096775601e-05
-8.9    5.23533742717828e-05
-8.8    6.52473064519096e-05
-8.7    8.11147541690593e-05
-8.6    0.000100590389693868
-8.5    0.000124432119199967
-8.4    0.000153542244259609
-8.3    0.000188991667608465
-8.2    0.000232047462220306
-8.1    0.000284204132725157
-8  0.000347218903270417
-7.9    0.000423151364794847
-7.8    0.000514407805970677
-7.7    0.000623790534271957
-7.6    0.000754552465164212
-7.5    0.000910457216639918
-7.4    0.00109584489158381
-7.3    0.00131570366010323
-7.2    0.00157574716644239
-7.1    0.00188249767899772
-7  0.00224337477606214
-6.9    0.00266678921333862
-6.8    0.00316224145145031
-6.7    0.00374042413257731
-6.6    0.00441332758547903
-6.5    0.00519434720868224
-6.4    0.00609839133444883
-6.3    0.0071419879140329
-6.2    0.00834338809135201
-6.1    0.00972266445214657
-6  0.0113018014545948
-5.9    0.0131047752718018
-5.8    0.0151576200141809
-5.7    0.0174884770590074
-5.6    0.0201276240046917
-5.5    0.0231074795986064
-5.4    0.0264625808701422
-5.3    0.0302295286458498
-5.2    0.0344468976418386
-5.1    0.0391551074305249
-5  0.0443962507741438
-4.9    0.0502138761148982
-4.8    0.0566527214185012
-4.7    0.0637583970895506
-4.6    0.0715770163167687
-4.5    0.0801547719640324
-4.4    0.0895374599966488
-4.3    0.0997699504154395
-4.2    0.1108956077542
-4.1    0.122955664365492
-4  0.135988550958145
-3.9    0.150029190136041
-3.8    0.165108259996897
-3.7    0.181251436153558
-3.6    0.198478621807594
-3.5    0.216803176702244
-3.4    0.236231156873863
-3.3    0.256760578071909
-3.2    0.278380716491599
-3.1    0.301071461025836
-3  0.324802731561719
-2.9    0.349533977892951
-2.8    0.375213773568362
-2.7    0.401779518429927
-2.6    0.429157262698854
-2.5    0.457261664240968
-2.4    0.485996089086284
-2.3    0.515252863404497
-2.2    0.544913682969557
-2.1    0.574850183712545
-2  0.604924674301936
-1.9    0.634991028851158
-1.8    0.664895734889783
-1.7    0.694479088707614
-1.6    0.7235765271564
-1.5    0.75202008204098
-1.4    0.779639940421381
-1.3    0.806266091550332
-1.2    0.831730038855079
-1.1    0.855866553402523
-1  0.878515443720227
-0.9    0.899523315732796
-0.800000000000001  0.918745295953366
-0.700000000000001  0.936046690972641
-0.6    0.951304556729545
-0.5    0.964409152031828
-0.4    0.975265252311865
-0.300000000000001  0.983793301628985
-0.199999999999999  0.989930383428277
-0.0999999999999996 0.993630993487931
0   0.994867601772492
0.0999999999999996  0.993630993487931
0.199999999999999   0.989930383428277
0.300000000000001   0.983793301628985
0.4 0.975265252311865
0.5 0.964409152031828
0.6 0.951304556729545
0.699999999999999   0.936046690972641
0.800000000000001   0.918745295953366
0.9 0.899523315732796
1   0.878515443720227
1.1 0.855866553402523
1.2 0.831730038855079
1.3 0.806266091550332
1.4 0.779639940421381
1.5 0.75202008204098
1.6 0.7235765271564
1.7 0.694479088707614
1.8 0.664895734889783
1.9 0.634991028851158
2   0.604924674301935
2.1 0.574850183712545
2.2 0.544913682969557
2.3 0.515252863404497
2.4 0.485996089086284
2.5 0.457261664240968
2.6 0.429157262698853
2.7 0.401779518429927
2.8 0.375213773568362
2.9 0.349533977892951
3   0.324802731561719
3.1 0.301071461025836
3.2 0.278380716491599
3.3 0.256760578071909
3.4 0.236231156873863
3.5 0.216803176702244
3.6 0.198478621807594
3.7 0.181251436153558
3.8 0.165108259996896
3.9 0.150029190136041
4   0.135988550958145
4.1 0.122955664365492
4.2 0.1108956077542
4.3 0.0997699504154395
4.4 0.0895374599966487
4.5 0.0801547719640323
4.6 0.0715770163167686
4.7 0.0637583970895506
4.8 0.0566527214185011
4.9 0.0502138761148981
5   0.0443962507741438
5.1 0.0391551074305249
5.2 0.0344468976418385
5.3 0.0302295286458498
5.4 0.0264625808701422
5.5 0.0231074795986064
5.6 0.0201276240046917
5.7 0.0174884770590074
5.8 0.0151576200141809
5.9 0.0131047752718018
6   0.0113018014545948
6.1 0.00972266445214656
6.2 0.00834338809135201
6.3 0.00714198791403289
6.4 0.00609839133444882
6.5 0.00519434720868224
6.6 0.00441332758547903
6.7 0.00374042413257731
6.8 0.00324504075175813
6.9 0.00380297033734626
7   0.0053809313331627
7.1 0.00794841863868631
7.2 0.0114774216774812
7.3 0.0158593649277033
7.4 0.0201826844672653
7.5 0.0244479658862102
7.6 0.0286557895808778
7.7 0.0328067307970707
7.8 0.0369013596728752
7.9 0.040940241281141
8   0.0449239356716222
8.1 0.0488529979127814
8.2 0.0527279781332601
8.3 0.0565494215630183
8.4 0.0603178685741451
8.5 0.0640338547213431
8.6 0.0676979107820901
8.7 0.0713105627964787
8.8 0.0748723321067382
8.9 0.0783837353964399
9   0.0818452847293896
9.1 0.0852574875882075
9.2 0.0886208469126011
9.3 0.0919358611373304
9.4 0.0952030242298699
9.5 0.0984228257277687
9.6 0.101595750775711
9.7 0.104722280162282
9.8 0.107802890356433
9.9 0.110838053543663
10  0.113828237661905
10.1    0.116773906437122
10.2    0.119675519418622
10.3    0.122533532014093
10.4    0.125348395524344
10.5    0.128120557177782
10.6    0.130850460164603
10.7    0.13353854367071
10.8    0.136185242911361
10.9    0.138790989164544
11  0.141356209804087
11.1    0.143881328332497
11.2    0.146366764413538
11.3    0.148812933904549
11.4    0.151220248888497
11.5    0.153589117705778
11.6    0.155919944985755
11.7    0.158213131678047
11.8    0.160469075083568
11.9    0.162688168885309
12  0.164870803178877
12.1    0.167017364502789
12.2    0.169128235868518
12.3    0.171203796790298
12.4    0.173244423314689
12.5    0.175250488049906
12.6    0.177222360194906
12.7    0.179160405568244
12.8    0.181064986636696
12.9    0.182936462543651
13  0.18477518913727
13.1    0.186581518998423
13.2    0.188355801468394
13.3    0.190098382676372
13.4    0.191809605566705
13.5    0.19348980992595
13.6    0.19513933240969
13.7    0.196758506569143
13.8    0.198347662877553
13.9    0.199907128756365
14  0.201437228601194
14.1    0.202938283807575
14.2    0.204410612796513
14.3    0.205854531039818
14.4    0.207270351085246
14.5    0.208658382581419
14.6    0.210018932302562
14.7    0.211352304173024
14.8    0.212658799291609
14.9    0.213938715955706
15  0.215192349685222
15.1    0.216419993246326
15.2    0.217621936674993
15.3    0.218798467300359
15.4    0.219949869767894
15.5    0.221076426062371
15.6    0.222178415530664
15.7    0.223256114904351
15.8    0.224309798322134
15.9    0.225339737352082
16  0.226346201013683
16.1    0.227329455799732
16.2    0.22828976569802
16.3    0.229227392212868
16.4    0.230142594386466
16.5    0.231035628820054
16.6    0.231906749694918
16.7    0.232756208793224
16.8    0.233584255518674
16.9    0.234391136917003
17  0.235177097696295
17.1    0.23594238024715
17.2    0.236687224662671
17.3    0.237411868758295
17.4    0.238116548091463
17.5    0.238801495981126
17.6    0.239466943527094
17.7    0.240113119629221
17.8    0.240740251006443
17.9    0.241348562215649
18  0.241938275670407
18.1    0.242509611659532
18.2    0.243062788365499
18.3    0.243598021882713
18.4    0.244115526235622
18.5    0.244615513396686
18.6    0.245098193304193
18.7    0.245563773879939
18.8    0.24601246104675
18.9    0.246444458745871
19  0.246859968954207
19.1    0.247259191701421
19.2    0.247642325086898
19.3    0.24800956529656
19.4    0.248361106619552
19.5    0.248697141464785
19.6    0.249017860377347
19.7    0.249323452054772
19.8    0.249614103363185
19.9    0.249889999353304
20  0.250151323276319
20.1    0.250398256599634
20.2    0.25063097902248
20.3    0.250849668491403
20.4    0.25105450121562
20.5    0.251245651682253
20.6    0.251423292671431
20.7    0.251587595271271
20.8    0.251738728892739
20.9    0.251876861284378
21  0.252002158546925
21.1    0.252114785147804
21.2    0.252214903935492
21.3    0.252302676153776
21.4    0.25237826145589
21.5    0.252441817918528
21.6    0.252493502055748
21.7    0.252533468832763
21.8    0.252561871679607
21.9    0.252578862504699
22  0.252584591708285
22.1    0.252579208195782
22.2    0.252562859390994
22.3    0.252535691249231
22.4    0.252497848270315
22.5    0.252449473511478
22.6    0.252390708600152
22.7    0.252321693746656
22.8    0.252242567756772
22.9    0.252153468044223
23  0.25205453064304
23.1    0.251945890219835
23.2    0.251827680085964
23.3    0.251700032209589
23.4    0.251563077227646
23.5    0.251416944457711
23.6    0.251261761909757
23.7    0.251097656297832
23.8    0.250924753051621
23.9    0.250743176327924
24  0.250553049022031
24.1    0.250354492779007
24.2    0.250147628004879
24.3    0.249932573877731
24.4    0.249709448358708
24.5    0.249478368202923
24.6    0.249239448970281
24.7    0.248992805036201
24.8    0.248738549602261
24.9    0.248476794706743
25  0.248207651235097
25.1    0.247931228930314
25.2    0.247647636403211
25.3    0.247356981142634
25.4    0.24705936952557
25.5    0.246754906827178
25.6    0.246443697230737
25.7    0.246125843837504
25.8    0.245801448676497
25.9    0.245470612714189
26  0.245133435864128
26.1    0.244790016996466
26.2    0.244440453947418
26.3    0.244084843528635
26.4    0.243723281536501
26.5    0.24335586276135
26.6    0.242982680996606
26.7    0.242603829047846
26.8    0.242219398741787
26.9    0.241829480935196
27  0.241434165523729
27.1    0.241033541450684
27.2    0.240627696715698
27.3    0.240216718383352
27.4    0.239800692591718
27.5    0.239379704560823
27.6    0.238953838601049
27.7    0.238523178121457
27.8    0.238087805638045
27.9    0.23764780278193
28  0.237203250307465
28.1    0.236754228100289
28.2    0.236300815185303
28.3    0.235843089734583
28.4    0.235381129075224
28.5    0.234915009697118
28.6    0.234444807260664
28.7    0.233970596604417
28.8    0.233492451752666
28.9    0.233010445922954
29  0.232524651533527
29.1    0.232035140210726
29.2    0.231541982796315
29.3    0.231045249354738
29.4    0.23054500918033
29.5    0.230041330804452
29.6    0.229534282002572
29.7    0.229023929801285
29.8    0.228510340485273
29.9    0.227993579604205
30  0.227473711979575
30.1    0.226950801711489
30.2    0.22642491218539
30.3    0.225896106078719
30.4    0.225364445367534
30.5    0.224829991333054
30.6    0.224292804568166
30.7    0.223752944983859
30.8    0.223210471815616
30.9    0.222665443629742
31  0.222117918329643
31.1    0.22156795316205
31.2    0.221015604723189
31.3    0.220460928964898
31.4    0.219903981200691
31.5    0.219344816111771
31.6    0.21878348775299
31.7    0.218220049558761
31.8    0.217654554348913
31.9    0.2170870543345
32  0.216517601123562
32.1    0.21594624572683
32.2    0.215373038563385
32.3    0.214798029466272
32.4    0.214221267688059
32.5    0.213642801906348
32.6    0.21306268022925
32.7    0.212480950200795
32.8    0.211897658806308
32.9    0.211312852477734
33  0.21072657709892
33.1    0.210138878010843
33.2    0.209549800016803
33.3    0.208959387387568
33.4    0.208367683866466
33.5    0.207774732674446
33.6    0.207180576515086
33.7    0.20658525757956
33.8    0.205988817551563
33.9    0.205391297612191
34  0.204792738444781
34.1    0.204193180239706
34.2    0.203592662699133
34.3    0.202991225041732
34.4    0.202388906007351
34.5    0.201785743861648
34.6    0.201181776400681
34.7    0.200577040955459
34.8    0.199971574396454
34.9    0.199365413138072
35  0.198758593143089
35.1    0.19815114992704
35.2    0.197543118562578
35.3    0.196934533683791
35.4    0.196325429490482
35.5    0.195715839752409
35.6    0.195105797813493
35.7    0.194495336595983
35.8    0.193884488604591
35.9    0.193273285930583
36  0.192661760255841
36.1    0.192049942856887
36.2    0.191437864608869
36.3    0.190825555989515
36.4    0.190213047083051
36.5    0.189600367584086
36.6    0.188987546801458
36.7    0.188374613662053
36.8    0.187761596714587
36.9    0.187148524133351
37  0.186535423721928
37.1    0.185922322916877
37.2    0.185309248791382
37.3    0.184696228058868
37.4    0.184083287076587
37.5    0.183470451849175
37.6    0.182857748032169
37.7    0.182245200935504
37.8    0.181632835526966
37.9    0.18102067643563
38  0.18040874795525
38.1    0.179797074047635
38.2    0.179185678345981
38.3    0.178574584158186
38.4    0.177963814470128
38.5    0.177353391948912
38.6    0.176743338946095
38.7    0.176133677500876
38.8    0.175524429343263
38.9    0.174915615897207
39  0.174307258283708
39.1    0.173699377323899
39.2    0.173091993542097
39.3    0.172485127168827
39.4    0.171878798143819
39.5    0.171273026118983
39.6    0.170667830461352
39.7    0.170063230255998
39.8    0.169459244308925
39.9    0.168855891149938
40  0.168253189035478
40.1    0.167651155951441
40.2    0.167049809615965
40.3    0.166449167482194
40.4    0.165849246741018
40.5    0.165250064323788
40.6    0.164651636905007
40.7    0.16405398090499
40.8    0.163457112492514
40.9    0.162861047587431
41  0.162265801863261
41.1    0.161671390749766
41.2    0.161077829435496
41.3    0.160485132870312
41.4    0.15989331576789
41.5    0.159302392608196
41.6    0.158712377639945
41.7    0.158123284883036
41.8    0.15753512813096
41.9    0.15694792095319
42  0.156361676697554
42.1    0.155776408492574
42.2    0.155192129249799
42.3    0.154608851666101
42.4    0.154026588225964
42.5    0.153445351203741
42.6    0.1528651526659
42.7    0.152286004473241
42.8    0.151707918283097
42.9    0.151130905551515
43  0.150554977535418
43.1    0.149980145294741
43.2    0.149406419694556
43.3    0.14883381140717
43.4    0.148262330914209
43.5    0.147691988508682
43.6    0.147122794297019
43.7    0.146554758201105
43.8    0.145987889960277
43.9    0.145422199133318
44  0.144857695100425
44.1    0.144294387065157
44.2    0.143732284056375
44.3    0.14317139493015
44.4    0.142611728371665
44.5    0.142053292897093
44.6    0.14149609685546
44.7    0.140940148430491
44.8    0.140385455642438
44.9    0.139832026349889
45  0.139279868251566
45.1    0.138728988888099
45.2    0.138179395643787
45.3    0.137631095748347
45.4    0.137084096278636
45.5    0.136538404160368
45.6    0.13599402616981
45.7    0.135450968935456
45.8    0.134909238939701
45.9    0.134368842520483
46  0.133829785872917
46.1    0.133292075050918
46.2    0.132755715968798
46.3    0.132220714402858
46.4    0.131687075992959
46.5    0.13115480624408
46.6    0.130623910527864
46.7    0.130094394084141
46.8    0.129566262022451
46.9    0.129039519323536
47  0.128514170840831
47.1    0.127990221301935
47.2    0.127467675310066
47.3    0.12694653734551
47.4    0.126426811767048
47.5    0.125908502813374
47.6    0.125391614604497
47.7    0.124876151143133
47.8    0.124362116316082
47.9    0.12384951389559
48  0.1233383475407
48.1    0.122828620798591
48.2    0.122320337105902
48.3    0.121813499790044
48.4    0.121308112070503
48.5    0.120804177060121
48.6    0.120301697766378
48.7    0.11980067709265
48.8    0.119301117839461
48.9    0.118803022705723
49  0.118306394289961
49.1    0.117811235091527
49.2    0.117317547511807
49.3    0.116825333855408
49.4    0.116334596331341
49.5    0.115845337054191
49.6    0.115357558045267
49.7    0.114871261233758
49.8    0.114386448457861
49.9    0.113903121465908
50  0.113421281917478
50.1    0.1129409313845
50.2    0.112462071352343
50.3    0.111984703220898
50.4    0.111508828305651
50.5    0.111034447838736
50.6    0.110561562969992
50.7    0.110090174767997
50.8    0.109620284221101
50.9    0.109151892238441
51  0.108684999650954
51.1    0.108219607212372
51.2    0.107755715600214
51.3    0.107293325416768
51.4    0.106832437190053
51.5    0.106373051374787
51.6    0.105915168353334
51.7    0.105458788436648
51.8    0.1050039118652
51.9    0.104550538809909
52  0.104098669373046
52.1    0.103648303589148
52.2    0.103199441425907
52.3    0.10275208278506
52.4    0.102306227503265
52.5    0.101861875352972
52.6    0.101419026043284
52.7    0.100977679220804
52.8    0.100537834470486
52.9    0.100099491316462
53  0.099662649222876
53.1    0.0992273075946956
53.2    0.0987934657785265
53.3    0.0983611230634126
53.4    0.0979302786816298
53.5    0.0975009318094724
53.6    0.0970730815680303
53.7    0.0966467270239592
53.8    0.0962218671902429
53.9    0.0957985010269477
54  0.095376627441969
54.1    0.0949562452917709
54.2    0.0945373533821174
54.3    0.094119950468797
54.4    0.0937040352583396
54.5    0.0932896064087255
54.6    0.0928766625300883
54.7    0.0924652021854098
54.8    0.0920552238912076
54.9    0.0916467261182167
55  0.0912397072920626
55.1    0.0908341657939288
55.2    0.090430099961217
55.3    0.0900275080881998
55.4    0.0896263884266679
55.5    0.0892267391865694
55.6    0.0888285585366435
55.7    0.0884318446050466
55.8    0.0880365954799733
55.9    0.087642809210269
56  0.0872504838060382
56.1    0.086859617239245
56.2    0.0864702074443076
56.3    0.0860822523186873
56.4    0.0856957497234705
56.5    0.085310697483945
56.6    0.08492709339017
56.7    0.0845449351975406
56.8    0.0841642206273454
56.9    0.0837849473673198
57  0.0834071130721916
57.1    0.0830307153642221
57.2    0.0826557518337411
57.3    0.0822822200396761
57.4    0.0819101175100761
57.5    0.0815394417426297
57.6    0.0811701902051776
57.7    0.0808023603362199
57.8    0.0804359495454175
57.9    0.0800709552140888
58  0.0797073746957004
58.1    0.0793452053163531
58.2    0.078984444375262
58.3    0.0786250891452324
58.4    0.0782671368731295
58.5    0.0779105847803439
58.6    0.0775554300632513
58.7    0.0772016698936678
58.8    0.0768493014193003
58.9    0.0764983217641913
59  0.0761487280291594
59.1    0.0758005172922352
59.2    0.0754536866090918
59.3    0.0751082330134711
59.4    0.074764153517605
59.5    0.0744214451126326
59.6    0.0740801047690121
59.7    0.0737401294369285
59.8    0.0734015160466966
59.9    0.0730642615091604
60  0.0727283627160865
60.1    0.0723938165405545
60.2    0.0720606198373423
60.3    0.0717287694433078
60.4    0.0713982621777653
60.5    0.0710690948428589
60.6    0.0707412642239304
60.7    0.0704147670898845
60.8    0.0700896001935486
60.9    0.0697657602720295
61  0.0694432440470653
61.1    0.0691220482253739
61.2    0.0688021694989975
61.3    0.0684836045456427
61.4    0.0681663500290171
61.5    0.0678504025991622
61.6    0.0675357588927821
61.7    0.067222415533569
61.8    0.0669103691325241
61.9    0.0665996162882754
62  0.0662901535873924
62.1    0.0659819776046954
62.2    0.0656750849035635
62.3    0.0653694720362369
62.4    0.0650651355441173
62.5    0.0647620719580638
62.6    0.0644602777986859
62.7    0.0641597495766326
62.8    0.0638604837928786
62.9    0.0635624769390071
63  0.0632657254974885
63.1    0.0629702259419569
63.2    0.0626759747374827
63.3    0.0623829683408419
63.4    0.0620912032007827
63.5    0.0618006757582884
63.6    0.0615113824468373
63.7    0.0612233196926599
63.8    0.0609364839149924
63.9    0.0606508715263272
64  0.0603664789326613
64.1    0.0600833025337404
64.2    0.0598013387233009
64.3    0.0595205838893086
64.4    0.0592410344141946
64.5    0.0589626866750884
64.6    0.0586855370440482
64.7    0.0584095818882879
64.8    0.0581348175704018
64.9    0.0578612404485864
65  0.0575888468768597
65.1    0.0573176332052768
65.2    0.0570475957801443
65.3    0.0567787309442307
65.4    0.0565110350369752
65.5    0.0562445043946929
65.6    0.0559791353507784
65.7    0.0557149242359059
65.8    0.0554518673782277
65.9    0.0551899611035694
66  0.054929201735623
66.1    0.0546695855961375
66.2    0.0544111090051071
66.3    0.0541537682809565
66.4    0.0538975597407249
66.5    0.0536424797002464
66.6    0.053388524474329
66.7    0.0531356903769304
66.8    0.0528839737213325
66.9    0.0526333708203129
67  0.0523838779863145
67.1    0.0521354915316122
67.2    0.0518882077684789
67.3    0.0516420230093474
67.4    0.0513969335669716
67.5    0.0511529357545849
67.6    0.0509100258860567
67.7    0.0506682002760466
67.8    0.0504274552401566
67.9    0.0501877870950816
68  0.0499491921587569
68.1    0.0497116667505052
68.2    0.04947520719118
68.3    0.049239809803308
68.4    0.0490054709112296
68.5    0.0487721868412364
68.6    0.0485399539217084
68.7    0.048308768483248
68.8    0.0480786268588124
68.9    0.0478495253838448
69  0.047621460396403
69.1    0.0473944282372861
69.2    0.0471684252501605
69.3    0.0469434477816826
69.4    0.046719492181621
69.5    0.0464965548029762
69.6    0.0462746320020989
69.7    0.0460537201388064
69.8    0.0458338155764974
69.9    0.0456149146822652
70  0.0453970138270092
70.1    0.0451801093855447
70.2    0.0449641977367106
70.3    0.044749275263477
70.4    0.044535338353049
70.5    0.0443223833969712
70.6    0.0441104067912285
70.7    0.0438994049363473
70.8    0.0436893742374937
70.9    0.0434803111045709
71  0.0432722119523153
71.1    0.0430650732003901
71.2    0.0428588912734786
71.3    0.0426536626013756
71.4    0.0424493836190769
71.5    0.0422460507668683
71.6    0.0420436604904122
71.7    0.0418422092408339
71.8    0.0416416934748053
71.9    0.0414421096546283
72  0.0412434542483164
72.1    0.0410457237296746
72.2    0.0408489145783788
72.3    0.0406530232800533
72.4    0.0404580463263471
72.5    0.0402639802150093
72.6    0.0400708214499624
72.7    0.0398785665413752
72.8    0.0396872120057344
72.9    0.0394967543659143
73  0.0393071901512456
73.1    0.0391185158975837
73.2    0.0389307281473747
73.3    0.0387438234497211
73.4    0.0385577983604456
73.5    0.0383726494421546
73.6    0.0381883732642996
73.7    0.0380049664032387
73.8    0.0378224254422955
73.9    0.0376407469718182
74  0.0374599275892369
74.1    0.0372799638991201
74.2    0.03710085251323
74.3    0.0369225900505767
74.4    0.0367451731374719
74.5    0.0365685984075806
74.6    0.0363928625019725
74.7    0.0362179620691725
74.8    0.0360438937652097
74.9    0.0358706542536655
75  0.035698240205721
75.1    0.0355266483002036
75.2    0.0353558752236317
75.3    0.0351859176702599
75.4    0.0350167723421218
75.5    0.0348484359490729
75.6    0.0346809052088324
75.7    0.0345141768470235
75.8    0.0343482475972138
75.9    0.0341831142009539
76  0.0340187734078156
76.1    0.0338552219754294
76.2    0.0336924566695207
76.3    0.0335304742639452
76.4    0.0333692715407241
76.5    0.0332088452900778
76.6    0.0330491923104587
76.7    0.0328903094085841
76.8    0.0327321933994674
76.9    0.0325748411064486
77  0.0324182493612248
77.1    0.032262415003879
77.2    0.0321073348829087
77.3    0.0319530058552534
77.4    0.0317994247863218
77.5    0.0316465885500179
77.6    0.0314944940287664
77.7    0.0313431381135378
77.8    0.0311925177038719
77.9    0.031042629707902
78  0.0308934710423767
78.1    0.0307450386326825
78.2    0.0305973294128651
78.3    0.0304503403256498
78.4    0.0303040683224617
78.5    0.030158510363445
78.6    0.0300136634174817
78.7    0.02986952446221
78.8    0.0297260904840411
78.9    0.0295833584781768
79  0.0294413254486251
79.1    0.0292999884082165
79.2    0.0291593443786182
79.3    0.0290193903903493
79.4    0.0288801234827942
79.5    0.0287415407042162
79.6    0.0286036391117698
79.7    0.0284664157715134
79.8    0.0283298677584206
79.9    0.028193992156391
80  0.0280587860582613
80.1    0.0279242465658149
80.2    0.0277903707897913
80.3    0.0276571558498954
80.4    0.0275245988748056
80.5    0.0273926970021817
80.6    0.0272614473786725
80.7    0.0271308471599227
80.8    0.0270008935105791
80.9    0.026871583604297
81  0.026742914623745
81.1    0.0266148837606107
81.2    0.0264874882156047
81.3    0.0263607251984649
81.4    0.0262345919279603
81.5    0.0261090856318938
81.6    0.0259842035471052
81.7    0.0258599429194733
81.8    0.025736301003918
81.9    0.0256132750644017
82  0.0254908623739302
82.1    0.0253690602145533
82.2    0.0252478658773652
82.3    0.0251272766625042
82.4    0.025007289879152
82.5    0.0248879028455329
82.6    0.0247691128889124
82.7    0.0246509173455953
82.8    0.0245333135609238
82.9    0.0244162988892747
83  0.024299870694057
83.1    0.0241840263477082
83.2    0.0240687632316909
83.3    0.023954078736489
83.4    0.0238399702616034
83.5    0.023726435215547
83.6    0.0236134710158403
83.7    0.0235010750890057
83.8    0.0233892448705623
83.9    0.0232779778050194
84  0.0231672713458708
84.1    0.0230571229555878
84.2    0.0229475301056125
84.3    0.0228384902763509
84.4    0.0227300009571649
84.5    0.0226220596463647
84.6    0.0225146638512009
84.7    0.0224078110878562
84.8    0.0223014988814364
84.9    0.0221957247659615
85  0.022090486284357
85.1    0.021985780988444
85.2    0.0218816064389293
85.3    0.0217779602053961
85.4    0.021674839866293
85.5    0.0215722430089238
85.6    0.0214701672294367
85.7    0.0213686101328136
85.8    0.0212675693328582
85.9    0.021167042452185
86  0.0210670271222074
86.1    0.0209675209831257
86.2    0.020868521683915
86.3    0.0207700268823127
86.4    0.0206720342448058
86.5    0.0205745414466182
86.6    0.0204775461716976
86.7    0.020381046112702
86.8    0.0202850389709863
86.9    0.0201895224565889
87  0.0200944942882171
87.1    0.0199999521932338
87.2    0.0199058939076426
87.3    0.0198123171760736
87.4    0.0197192197517686
87.5    0.0196265993965663
87.6    0.0195344538808873
87.7    0.0194427809837186
87.8    0.0193515784925985
87.9    0.0192608442036008
88  0.0191705759213194
88.1    0.0190807714588519
88.2    0.0189914286377837
88.3    0.0189025452881721
88.4    0.0188141192485292
88.5    0.0187261483658061
88.6    0.0186386304953757
88.7    0.0185515635010159
88.8    0.0184649452548928
88.9    0.0183787736375431
89  0.0182930465378574
89.1    0.0182077618530624
89.2    0.0181229174887034
89.3    0.0180385113586264
89.4    0.0179545413849606
89.5    0.0178710054981003
89.6    0.0177879016366865
89.7    0.0177052277475893
89.8    0.0176229817858891
89.9    0.017541161714858
90  0.0174597655059416
90.1    0.0173787911387404
90.2    0.0172982366009903
90.3    0.0172180998885446
90.4    0.0171383790053541
90.5    0.0170590719634486
90.6    0.0169801767829175
90.7    0.0169016914918902
90.8    0.016823614126517
90.9    0.0167459427309494
91  0.0166686753573206
91.1    0.0165918100657256
91.2    0.0165153449242015
91.3    0.0164392780087076
91.4    0.0163636074031055
91.5    0.0162883311991387
91.6    0.016213447496413
91.7    0.0161389544023758
91.8    0.016064850032296
91.9    0.0159911325092434
92  0.0159177999640686
92.1    0.0158448505353822
92.2    0.0157722823695344
92.3    0.0157000936205941
92.4    0.0156282824503282
92.5    0.015556847028181
92.6    0.0154857855312531
92.7    0.0154150961442807
92.8    0.0153447770596143
92.9    0.0152748264771979
93  0.0152052426045481
93.1    0.0151360236567322
93.2    0.0150671678563479
93.3    0.0149986734335013
93.4    0.014930538625786
93.5    0.0148627616782617
93.6    0.0147953408434327
93.7    0.0147282743812264
93.8    0.0146615605589719
93.9    0.0145951976513785
94  0.014529183940514
94.1    0.0144635177157831
94.2    0.014398197273906
94.3    0.0143332209188962
94.4    0.0142685869620394
94.5    0.014204293721871
94.6    0.0141403395241551
94.7    0.0140767227018622
94.8    0.0140134415951473
94.9    0.0139504945513283
95  0.0138878799248639
95.1    0.0138255960773318
95.2    0.0137636413774068
95.3    0.0137020142008383
95.4    0.0136407129304292
95.5    0.013579735956013
95.6    0.0135190816744323
95.7    0.0134587484895168
95.8    0.0133987348120606
95.9    0.0133390390598009
96  0.0132796596573954
96.1    0.0132205950364004
96.2    0.0131618436352484
96.3    0.0131034038992265
96.4    0.0130452742804537
96.5    0.0129874532378589
96.6    0.0129299392371591
96.7    0.0128727307508368
96.8    0.0128158262581178
96.9    0.0127592242449495
97  0.0127029232039783
97.1    0.0126469216345275
97.2    0.0125912180425752
97.3    0.012535810940732
97.4    0.0124806988482191
97.5    0.0124258802908457
97.6    0.0123713538009873
97.7    0.012317117917563
97.8    0.0122631711860138
97.9    0.0122095121582801
98  0.0121561393927798
98.1    0.0121030514543861
98.2    0.0120502469144051
98.3    0.0119977243505542
98.4    0.0119454823469392
98.5    0.0118935194940331
98.6    0.0118418343886534
98.7    0.0117904256339399
98.8    0.0117392918393333
98.9    0.0116884316205526
99  0.0116378435995731
99.1    0.0115875264046045
99.2    0.0115374786700689
99.3    0.0114876990365788
99.4    0.0114381861509151
99.5    0.011388938666005
99.6    0.0113399552409004
99.7    0.0112912345407557
99.8    0.0112427752368059