y1 y2 res1 res2 s1 s2
1.7640523459676636 1.7640523459676636 0.5649452091168767 -0.5649452091168758 2.4947467524035454 0.7989531767307907
0.4001572083672232 0.4001572083672232 -0.4043277183427338 0.404327718342734 0.5659077511542837 -0.5718057429236632
0.978737984105739 0.978737984105739 -0.38114549954571986 0.3811454995457203 1.384144531132039 -0.5390211346950257
2.2408931992014574 2.2408931992014574 0.29081901244740394 -0.2908190124474028 3.1691015541403353 0.41128019159906776
1.867557990149967 1.867557990149967 -0.35193702153424744 0.35193702153424855 2.641125838188323 -0.49771410895492546
-0.9772778798764108 -0.9772778798764108 0.5830863556947875 -0.5830863556947881 -1.3820796319284447 0.8246086322582713
0.9500884175255891 0.9500884175255891 -0.12408569422792393 0.12408569422792437 1.3436279255182801 -0.17548367167361117
-0.15135720829769783 -0.15135720829769783 -0.22423644343222737 0.22423644343222726 -0.2140514167375339 -0.31711821948016317
-0.10321885179355782 -0.10321885179355782 0.5768826079441154 -0.5768826079441154 -0.14597350009902793 0.8158352080517289
0.4105985019383723 0.4105985019383723 0.4441544374303274 -0.44415443743032723 0.5806739701313216 0.6281292292021611
0.14404357116087796 0.14404357116087796 0.5602676881279709 -0.5602676881279709 0.2037083719083676 0.7923381631099958
1.4542735069629746 1.4542735069629746 0.271813397482616 -0.2718133974826151 2.0566533169469228 0.38440219315462376
0.7610377251469932 0.7610377251469932 -0.25836770551641053 0.258367705516411 1.0762698723804458 -0.36538711322052597
0.12167501649282841 0.12167501649282841 0.5730194859297101 -0.5730194859297101 0.17207445852612796 0.8103719285058548
0.4438632327454256 0.4438632327454256 -0.08040101128541405 0.08040101128541421 0.6277174035873466 -0.11370420058834493
0.3336743273742668 0.3336743273742668 0.24073691873891861 -0.24073691873891848 0.4718867591884083 0.34045341544448826
1.4940790731576057 1.4940790731576057 0.2841755903321248 -0.2841755903321239 2.11294688851731 0.4018849739430708
-0.20515826376580082 -0.20515826376580082 -0.04650302792725031 0.046503027927250196 -0.2901375990505123 -0.0657652127861321
0.3130677016509013 0.3130677016509013 0.18422381110382413 -0.18422381110382402 0.4427445896156785 0.26053181217508714
-0.8540957393017246 -0.8540957393017246 0.2766620014699578 -0.2766620014699581 -1.2078737780855744 0.39125915467209965
-2.5529898158340782 -2.5529898158340782 0.11292765934668836 -0.11292765934668925 -3.6104728221529436 0.1597038274151361
0.6536185954403605 0.6536185954403605 -0.3298202371752582 0.32982023717525843 0.9243562822910111 -0.46643625255836113
0.8644361988595055 0.8644361988595055 0.08947145226181696 -0.08947145226181652 1.2224973962333587 0.12653174123387817
-0.7421650204064418 -0.7421650204064418 0.397915769006109 -0.39791576900610925 -1.049579837377695 0.5627378772105591
2.269754623987607 2.269754623987607 -0.20837035791940917 0.20837035791941005 3.209917772502319 -0.2946801861661651
-1.4543656745987645 -1.4543656745987645 -0.04489036209830144 0.044890362098300995 -2.0567836616674686 -0.06348455889925672
0.04575851730144605 0.04575851730144605 -0.13054606551649123 0.13054606551649123 0.06471231576178893 -0.1846200163678685
-0.18718385002583354 -0.18718385002583354 0.5547791185438025 -0.5547791185438027 -0.26471793936374527 0.7845761535660365
1.532779214358457 1.532779214358457 0.20168842710373114 -0.20168842710373025 2.167677153069308 0.28523050898379326
1.4693587699002846 1.4693587699002846 0.1222385508723336 -0.12223855087233271 2.077987100384831 0.17287141648848706
0.15494742569691627 0.15494742569691627 -0.23097482233359487 0.23097482233359495 0.21912875087537648 -0.32664772631088596
0.37816251960217345 0.37816251960217345 0.16177475738754526 -0.16177475738754507 0.5348025640025752 0.2287840559470834
-0.8877857476301125 -0.8877857476301125 -0.202299798197213 0.20229979819721255 -1.2555186447800433 -0.28609511827583844
-1.9807964682239265 -1.9807964682239265 0.009549167482304943 -0.009549167482305831 -2.8012692296630046 0.01350456216284842
-0.3479121493261525 -0.3479121493261525 -0.19075382351366438 0.19075382351366418 -0.4920220800914184 -0.2697666442875478
0.15634896910398002 0.15634896910398002 0.2029299884839499 -0.20292998848394989 0.22111083256990055 0.2869863419262179
1.2302906807277205 1.2302906807277205 0.17297724498448241 -0.17297724498448197 1.7398937663463698 0.24462676583898812
1.202379848784411 1.202379848784411 -0.0624896266733983 0.062489626673398746 1.7004218892750256 -0.08837367754915171
-0.38732681740795216 -0.38732681740795216 0.11880201379849348 -0.11880201379849364 -0.5477628382491334 0.16801141915106516
-0.3023027505753355 -0.3023027505753355 -0.32791845261915176 0.32791845261915165 -0.4275206498063305 -0.46374672304640346
-1.0485529650670924 -1.0485529650670924 -0.4473772778116818 0.44737727781168135 -1.4828778240644045 -0.632687013778836
-1.420017937178975 -1.420017937178975 0.13181751037936085 -0.1318175103793613 -2.008208625571572 0.18641811093674865
-1.7062701906250122 -1.7062701906250122 0.050002048611758276 -0.050002048611759164 -2.4130304446548188 0.07071357529318797
1.9507753952317892 1.9507753952317892 0.1905094310676323 -0.1905094310676314 2.7588130210805315 0.2694210211758272
-0.5096521817516534 -0.5096521817516534 0.7149434324591825 -0.7149434324591827 -0.7207570275262261 1.0110826985133488
-0.4380743016111863 -0.4380743016111863 0.2833438460971241 -0.28334384609712426 -0.6195306186656616 0.40070870996550795
-1.252795360049926 -1.252795360049926 -0.27384666763324783 0.2738466676332474 -1.7717201890606902 -0.38727767137761604
0.77749035583191 0.77749035583191 0.335104886428756 -0.33510488642875574 1.0995374058317706 0.47390987520504224
-1.613897847557951 -1.613897847557951 -0.3947722231534567 0.39477222315345584 -2.2823962243012006 -0.5582922320317958
-0.21274028021396865 -0.21274028021396865 -0.1384753814444127 0.13847538144441263 -0.3008601895416471 -0.195833762493476
-0.8954665611936754 -0.8954665611936754 -0.02047248159738957 0.020472481597389125 -1.2663809554916932 -0.02895246113046162
0.3869024978592619 0.3869024978592619 0.51400281649481 -0.5140028164948098 0.5471627597885956 0.7269097541849294
-0.5108051375688729 -0.5108051375688729 -0.22342644661453204 0.22342644661453182 -0.7223875532797547 -0.3159727109950993
-1.1806321841224119 -1.1806321841224119 -0.24793156159770446 0.24793156159770402 -1.6696660469600841 -0.3506281769518137
-0.02818222833865486 -0.02818222833865486 -0.029535757327629693 0.029535757327629683 -0.03985568953442109 -0.04176986858769442
0.42833187053041755 0.42833187053041755 -0.1990434859086321 0.1990434859086323 0.6057527405007532 -0.2814899972740057
0.06651722238316785 0.06651722238316785 0.3379907766319521 -0.3379907766319521 0.09406955802566319 0.47799114026992195
0.30247189773978134 0.30247189773978134 -0.32397945250902693 0.32397945250902704 0.4277598600203267 -0.458176135668476
-0.6343220936809634 -0.6343220936809634 -0.3442405957233309 0.3442405957233305 -0.8970669077965155 -0.4868297191913279
-0.362741165987138 -0.362741165987138 -0.1313460134233303 0.1313460134233301 -0.5129934765700408 -0.18575131354691216
-0.6724604477759508 -0.6724604477759508 -0.14940973520769174 0.1494097352076913 -0.9510026854042343 -0.21129727388129024
-0.35955316154054123 -0.35955316154054123 0.5788596161450956 -0.5788596161450958 -0.5084849574447577 0.818631119862478
-0.8131462820444538 -0.8131462820444538 0.284826242077728 -0.28482624207772844 -1.149962500260525 0.40280513446608557
-1.7262826023316764 -1.7262826023316764 0.02626537241555682 -0.02626537241555771 -2.4413322687061774 0.037144845890861256
0.1774261422537528 0.1774261422537528 -0.3676306556490504 0.36763065564905045 0.25091845669479534 -0.5199082591630002
-0.4017809362082618 -0.4017809362082618 0.253308892920464 -0.25330889292046416 -0.5682040490886832 0.35823287183783437
-1.6301983469660442 -1.6301983469660442 -0.30006460421687 0.3000646042168691 -2.3054486116375807 -0.42435543287161187
0.46278225552577407 0.46278225552577407 -0.4634313290332833 0.4634313290332835 0.654472942190161 -0.6553908707474576
-0.907298364383242 -0.907298364383242 0.35640893770569027 -0.3564089377056907 -1.2831136520297073 0.5040383534543751
0.051945395796138945 0.051945395796138945 0.0950827835774549 -0.09508278357745487 0.07346188323773806 0.13446736208342247
0.7290905621775366 0.7290905621775366 0.27625764713424583 -0.27625764713424544 1.0310897612296968 0.39068731128653095
0.12898291075741064 0.12898291075741064 0.09561829588290638 -0.09561829588290632 0.18240938170748874 0.1352246908486096
1.1394006845433005 1.1394006845433005 0.2570491835708075 -0.2570491835708071 1.611355901058324 0.36352244160276703
-1.2348258203536524 -1.2348258203536524 -0.19530767799004423 0.19530767799004378 -1.7463074223126185 -0.2762067670491174
0.40234164117754895 0.40234164117754895 -0.3102728525353393 0.3102728525353395 0.5689970056607391 -0.43879207609166426
-0.6848100909403131 -0.6848100909403131 0.204478355484488 -0.20447835548448823 -0.9684677182577435 0.28917606353791003
-0.8707971491818816 -0.8707971491818816 -0.2410228992521526 0.24102289925215215 -1.2314931384488443 -0.3408578529648779
-0.5788496647644154 -0.5788496647644154 -0.20686493332506029 0.20686493332506006 -0.8186170464849558 -0.2925511942877061
-0.3115525321273726 -0.3115525321273726 -0.136659751055203 0.1366597510552029 -0.44060181632620976 -0.19326607337279889
0.056165342229745424 0.056165342229745424 0.005243747707517031 -0.005243747707517003 0.07942978871663232 0.007415779125633391
-1.1651498407833563 -1.1651498407833563 -0.10619817337604531 0.10619817337604487 -1.647770707032675 -0.1501868970876523
0.9008264869541869 0.9008264869541869 -0.4124853880254054 0.4124853880254058 1.273961035195521 -0.5833424300262573
0.46566243973045973 0.46566243973045973 -0.19308552084986708 0.1930855208498673 0.6585461377545602 -0.2730641622837552
-1.5362436862772235 -1.5362436862772235 -0.6670209456673282 0.6670209456673277 -2.1725766562432876 -0.9433100677496624
1.4882521937955993 1.4882521937955993 0.18756943530815673 -0.18756943530815584 2.1047064366972483 0.2652632392994575
1.8958891760305827 1.8958891760305827 -0.4806172966820237 0.4806172966820246 2.6811921854988023 -0.679695499278812
1.1787795711596505 1.1787795711596505 -0.3313150018285349 0.33131500182853535 1.6670460565823189 -0.46855016900358115
-0.1799248358123509 -0.1799248358123509 0.01564952377829229 -0.015649523778292346 -0.254452143013579 0.022131768771941236
-1.0707526215105423 -1.0707526215105423 -0.22186889891739425 0.2218688989173938 -1.5142728792867546 -0.31377000591776394
1.0544517269311362 1.0544517269311362 0.46290437862202105 -0.4629043786220203 1.4912199330937446 0.6546456503291518
-0.40317694697317946 -0.40317694697317946 -0.3878570729170347 0.3878570729170344 -0.5701783064456487 -0.5485127327816006
1.2224450703824272 1.2224450703824272 0.08011526080475506 -0.08011526080475462 1.7287983977909613 0.11330008838314193
0.20827497807686024 0.20827497807686024 -0.011784845468248623 0.011784845468248734 0.29454529869925483 -0.016666288291668385
0.9766390364837125 0.9766390364837125 -0.35042804932235905 0.3504280493223595 1.3811761709382584 -0.4955800999876283
0.3563663971744018 0.3563663971744018 0.15698299815952615 -0.15698299815952604 0.5039781920580761 0.2220074850591924
0.706573168191948 0.706573168191948 -0.05146389936667428 0.051463899366674504 0.999245357265979 -0.07278094445695506
0.010500020720820482 0.010500020720820482 0.23153716536410018 -0.23153716536410018 0.014849271708582856 0.3274429994513325
1.7858704939058347 1.7858704939058347 0.2470512461891199 -0.247051246189119 2.5256022731235697 0.3493832229618271
0.12691209270361986 0.12691209270361986 0.648970784784207 -0.6489707847842068 0.1794808027306108 0.9177832854257364
0.40198936344470154 0.40198936344470154 0.40095838483091767 -0.40095838483091745 0.5684988097132243 0.5670407857750943
