x1 x2 p py pyy pyyy pyyyy
2.3289975550845403 1.1991071368507877 2.4947467524035454 0.0 1.0 2.0 3.0
-0.004170509975510606 0.8044849267099572 0.5659077511542837 0.0 1.0 2.0 3.0
0.5975924845600191 1.3598834836514593 1.384144531132039 0.0 1.0 2.0 3.0
2.5317122116488613 1.9500741867540545 3.1691015541403353 0.0 1.0 2.0 3.0
1.5156209686157196 2.2194950116842156 2.641125838188323 0.0 1.0 2.0 3.0
-0.3941915241816233 -1.5603642355711989 -1.3820796319284447 0.0 1.0 2.0 3.0
0.8260027232976652 1.0741741117535135 1.3436279255182801 0.0 1.0 2.0 3.0
-0.3755936517299252 0.07287923513452943 -0.2140514167375339 0.0 1.0 2.0 3.0
0.47366375615055756 -0.6801014597376732 -0.14597350009902793 0.0 1.0 2.0 3.0
0.8547529393686997 -0.03355593549195496 0.5806739701313216 0.0 1.0 2.0 3.0
0.7043112592888489 -0.41622411696709294 0.2037083719083676 0.0 1.0 2.0 3.0
1.7260869044455907 1.1824601094803595 2.0566533169469228 0.0 1.0 2.0 3.0
0.5026700196305827 1.0194054306634042 1.0762698723804458 0.0 1.0 2.0 3.0
0.6946945024225385 -0.45134446943688167 0.17207445852612796 0.0 1.0 2.0 3.0
0.36346222146001156 0.5242642440308398 0.6277174035873466 0.0 1.0 2.0 3.0
0.5744112461131854 0.0929374086353483 0.4718867591884083 0.0 1.0 2.0 3.0
1.7782546634897305 1.2099034828254818 2.11294688851731 0.0 1.0 2.0 3.0
-0.2516612916930511 -0.15865523583855062 -0.2901375990505123 0.0 1.0 2.0 3.0
0.49729151275472544 0.1288438905470773 0.4427445896156785 0.0 1.0 2.0 3.0
-0.5774337378317668 -1.1307577407716827 -1.2078737780855744 0.0 1.0 2.0 3.0
-2.44006215648739 -2.6659174751807675 -3.6104728221529436 0.0 1.0 2.0 3.0
0.3237983582651023 0.9834388326156189 0.9243562822910111 0.0 1.0 2.0 3.0
0.9539076511213225 0.774964746597689 1.2224973962333587 0.0 1.0 2.0 3.0
-0.34424925140033286 -1.140080789412551 -1.049579837377695 0.0 1.0 2.0 3.0
2.061384266068198 2.4781249819070172 3.209917772502319 0.0 1.0 2.0 3.0
-1.499256036697066 -1.4094753125004635 -2.0567836616674686 0.0 1.0 2.0 3.0
-0.08478754821504517 0.1763045828179373 0.06471231576178893 0.0 1.0 2.0 3.0
0.367595268517969 -0.7419629685696362 -0.26471793936374527 0.0 1.0 2.0 3.0
1.7344676414621882 1.3310907872547268 2.167677153069308 0.0 1.0 2.0 3.0
1.5915973207726182 1.3471202190279519 2.077987100384831 0.0 1.0 2.0 3.0
-0.0760273966366786 0.38592224803051123 0.21912875087537648 0.0 1.0 2.0 3.0
0.5399372769897187 0.21638776221462838 0.5348025640025752 0.0 1.0 2.0 3.0
-1.0900855458273255 -0.6854859494329 -1.2555186447800433 0.0 1.0 2.0 3.0
-1.9712473007416216 -1.9903456357062324 -2.8012692296630046 0.0 1.0 2.0 3.0
-0.5386659728398169 -0.15715832581248831 -0.4920220800914184 0.0 1.0 2.0 3.0
0.35927895758792994 -0.04658101937996986 0.22111083256990055 0.0 1.0 2.0 3.0
1.403267925712203 1.0573134357432385 1.7398937663463698 0.0 1.0 2.0 3.0
1.1398902221110128 1.2648694754578098 1.7004218892750256 0.0 1.0 2.0 3.0
-0.2685248036094587 -0.5061288312064458 -0.5477628382491334 0.0 1.0 2.0 3.0
-0.6302212031944873 0.025615702043816135 -0.4275206498063305 0.0 1.0 2.0 3.0
-1.4959302428787742 -0.601175687255411 -1.4828778240644045 0.0 1.0 2.0 3.0
-1.288200426799614 -1.5518354475583362 -2.008208625571572 0.0 1.0 2.0 3.0
-1.656268142013254 -1.7562722392367713 -2.4130304446548188 0.0 1.0 2.0 3.0
2.1412848262994215 1.7602659641641578 2.7588130210805315 0.0 1.0 2.0 3.0
0.20529125070752907 -1.224595614210836 -0.7207570275262261 0.0 1.0 2.0 3.0
-0.15473045551406223 -0.7214181477083106 -0.6195306186656616 0.0 1.0 2.0 3.0
-1.5266420276831738 -0.9789486924166786 -1.7717201890606902 0.0 1.0 2.0 3.0
1.112595242260666 0.4423854694031542 1.0995374058317706 0.0 1.0 2.0 3.0
-2.008670070711408 -1.2191256244044952 -2.2823962243012006 0.0 1.0 2.0 3.0
-0.35121566165838136 -0.07426489876955603 -0.3008601895416471 0.0 1.0 2.0 3.0
-0.915939042791065 -0.8749940795962863 -1.2663809554916932 0.0 1.0 2.0 3.0
0.900905314354072 -0.12710031863554794 0.5471627597885956 0.0 1.0 2.0 3.0
-0.734231584183405 -0.2873786909543411 -0.7223875532797547 0.0 1.0 2.0 3.0
-1.4285637457201164 -0.9327006225247079 -1.6696660469600841 0.0 1.0 2.0 3.0
-0.057717985666284555 0.0013535289889748219 -0.03985568953442109 0.0 1.0 2.0 3.0
0.22928838462178544 0.6273753564390498 0.6057527405007532 0.0 1.0 2.0 3.0
0.40450799901511997 -0.2714735542487842 0.09406955802566319 0.0 1.0 2.0 3.0
-0.021507554769245596 0.6264513502488084 0.4277598600203267 0.0 1.0 2.0 3.0
-0.9785626894042943 -0.2900814979576329 -0.8970669077965155 0.0 1.0 2.0 3.0
-0.4940871794104683 -0.2313951525638079 -0.5129934765700408 0.0 1.0 2.0 3.0
-0.8218701829836426 -0.5230507125682595 -0.9510026854042343 0.0 1.0 2.0 3.0
0.21930645460455445 -0.938412777685637 -0.5084849574447577 0.0 1.0 2.0 3.0
-0.5283200399667258 -1.0979725241221823 -1.149962500260525 0.0 1.0 2.0 3.0
-1.7000172299161196 -1.7525479747472341 -2.4413322687061774 0.0 1.0 2.0 3.0
-0.19020451339529756 0.5450567979028033 0.25091845669479534 0.0 1.0 2.0 3.0
-0.14847204328779778 -0.6550898291287259 -0.5682040490886832 0.0 1.0 2.0 3.0
-1.9302629511829141 -1.330133742749175 -2.3054486116375807 0.0 1.0 2.0 3.0
-0.0006490735075092569 0.9262135845590576 0.654472942190161 0.0 1.0 2.0 3.0
-0.5508894266775517 -1.2637073020889327 -1.2831136520297073 0.0 1.0 2.0 3.0
0.14702817937359383 -0.04313738778131593 0.07346188323773806 0.0 1.0 2.0 3.0
1.0053482093117825 0.4528329150432912 1.0310897612296968 0.0 1.0 2.0 3.0
0.22460120664031702 0.03336461487450432 0.18240938170748874 0.0 1.0 2.0 3.0
1.396449868114108 0.8823515009724934 1.611355901058324 0.0 1.0 2.0 3.0
-1.4301334983436966 -1.0395181423636086 -1.7463074223126185 0.0 1.0 2.0 3.0
0.09206878864220963 0.7126144937128884 0.5689970056607391 0.0 1.0 2.0 3.0
-0.4803317354558251 -0.8892884464248013 -0.9684677182577435 0.0 1.0 2.0 3.0
-1.1118200484340341 -0.6297742499297294 -1.2314931384488443 0.0 1.0 2.0 3.0
-0.7857145980894756 -0.3719847314393553 -0.8186170464849558 0.0 1.0 2.0 3.0
-0.4482122831825756 -0.1748927810721697 -0.44060181632620976 0.0 1.0 2.0 3.0
0.061409089937262455 0.05092159452222842 0.07942978871663232 0.0 1.0 2.0 3.0
-1.2713480141594016 -1.0589516674073114 -1.647770707032675 0.0 1.0 2.0 3.0
0.48834109892878147 1.3133118749795927 1.273961035195521 0.0 1.0 2.0 3.0
0.27257691888059266 0.658747960580327 0.6585461377545602 0.0 1.0 2.0 3.0
-2.2032646319445517 -0.8692227406098958 -2.1725766562432876 0.0 1.0 2.0 3.0
1.675821629103756 1.3006827584874434 2.1047064366972483 0.0 1.0 2.0 3.0
1.415271879348559 2.3765064727126073 2.6811921854988023 0.0 1.0 2.0 3.0
0.8474645693311156 1.5100945729881858 1.6670460565823189 0.0 1.0 2.0 3.0
-0.1642753120340586 -0.19557435959064323 -0.254452143013579 0.0 1.0 2.0 3.0
-1.2926215204279365 -0.8488837225931485 -1.5142728792867546 0.0 1.0 2.0 3.0
1.5173561055531573 0.5915473483091159 1.4912199330937446 0.0 1.0 2.0 3.0
-0.7910340198902142 -0.015319874056145044 -0.5701783064456487 0.0 1.0 2.0 3.0
1.3025603311871823 1.1423298095776726 1.7287983977909613 0.0 1.0 2.0 3.0
0.19649013260861162 0.22005982354510897 0.29454529869925483 0.0 1.0 2.0 3.0
0.6262109871613535 1.327067085806072 1.3811761709382584 0.0 1.0 2.0 3.0
0.513349395333928 0.19938339901487578 0.5039781920580761 0.0 1.0 2.0 3.0
0.6551092688252738 0.7580370675586225 0.999245357265979 0.0 1.0 2.0 3.0
0.24203718608492067 -0.2210371446432797 0.014849271708582856 0.0 1.0 2.0 3.0
2.0329217400949546 1.5388192477167157 2.5256022731235697 0.0 1.0 2.0 3.0
0.7758828774878268 -0.522058692080587 0.1794808027306108 0.0 1.0 2.0 3.0
0.8029477482756192 0.0010309786137840948 0.5684988097132243 0.0 1.0 2.0 3.0
